## Line: (2.500000e-03, 0.000000e+00, 0.000000e+00) -> (9.975000e-01, 0.000000e+00, 0.000000e+00)
## Number of points: 200 (h = 5.000000e-03)
## Time: 0.000000e+00, Time step: 0.
## Coordinate  |  Density  |  Velocity (Vx,Vy,Vz)  |  Pressure  |  Temperature  |  Material ID  |  LevelSet(s)
  0.00000000e+00    1.00000000e+00    0.00000000e+00    0.00000000e+00    0.00000000e+00    1.00000000e+00    0.00000000e+00    0.00000000e+00  4.97500000e-01  
  5.00000000e-03    1.00000000e+00    0.00000000e+00    0.00000000e+00    0.00000000e+00    1.00000000e+00    0.00000000e+00    0.00000000e+00  4.92500000e-01  
  1.00000000e-02    1.00000000e+00    0.00000000e+00    0.00000000e+00    0.00000000e+00    1.00000000e+00    0.00000000e+00    0.00000000e+00  4.87500000e-01  
  1.50000000e-02    1.00000000e+00    0.00000000e+00    0.00000000e+00    0.00000000e+00    1.00000000e+00    0.00000000e+00    0.00000000e+00  4.82500000e-01  
  2.00000000e-02    1.00000000e+00    0.00000000e+00    0.00000000e+00    0.00000000e+00    1.00000000e+00    0.00000000e+00    0.00000000e+00  4.77500000e-01  
  2.50000000e-02    1.00000000e+00    0.00000000e+00    0.00000000e+00    0.00000000e+00    1.00000000e+00    0.00000000e+00    0.00000000e+00  4.72500000e-01  
  3.00000000e-02    1.00000000e+00    0.00000000e+00    0.00000000e+00    0.00000000e+00    1.00000000e+00    0.00000000e+00    0.00000000e+00  4.67500000e-01  
  3.50000000e-02    1.00000000e+00    0.00000000e+00    0.00000000e+00    0.00000000e+00    1.00000000e+00    0.00000000e+00    0.00000000e+00  4.62500000e-01  
  4.00000000e-02    1.00000000e+00    0.00000000e+00    0.00000000e+00    0.00000000e+00    1.00000000e+00    0.00000000e+00    0.00000000e+00  4.57500000e-01  
  4.50000000e-02    1.00000000e+00    0.00000000e+00    0.00000000e+00    0.00000000e+00    1.00000000e+00    0.00000000e+00    0.00000000e+00  4.52500000e-01  
  5.00000000e-02    1.00000000e+00    0.00000000e+00    0.00000000e+00    0.00000000e+00    1.00000000e+00    0.00000000e+00    0.00000000e+00  4.47500000e-01  
  5.50000000e-02    1.00000000e+00    0.00000000e+00    0.00000000e+00    0.00000000e+00    1.00000000e+00    0.00000000e+00    0.00000000e+00  4.42500000e-01  
  6.00000000e-02    1.00000000e+00    0.00000000e+00    0.00000000e+00    0.00000000e+00    1.00000000e+00    0.00000000e+00    0.00000000e+00  4.37500000e-01  
  6.50000000e-02    1.00000000e+00    0.00000000e+00    0.00000000e+00    0.00000000e+00    1.00000000e+00    0.00000000e+00    0.00000000e+00  4.32500000e-01  
  7.00000000e-02    1.00000000e+00    0.00000000e+00    0.00000000e+00    0.00000000e+00    1.00000000e+00    0.00000000e+00    0.00000000e+00  4.27500000e-01  
  7.50000000e-02    1.00000000e+00    0.00000000e+00    0.00000000e+00    0.00000000e+00    1.00000000e+00    0.00000000e+00    0.00000000e+00  4.22500000e-01  
  8.00000000e-02    1.00000000e+00    0.00000000e+00    0.00000000e+00    0.00000000e+00    1.00000000e+00    0.00000000e+00    0.00000000e+00  4.17500000e-01  
  8.50000000e-02    1.00000000e+00    0.00000000e+00    0.00000000e+00    0.00000000e+00    1.00000000e+00    0.00000000e+00    0.00000000e+00  4.12500000e-01  
  9.00000000e-02    1.00000000e+00    0.00000000e+00    0.00000000e+00    0.00000000e+00    1.00000000e+00    0.00000000e+00    0.00000000e+00  4.07500000e-01  
  9.50000000e-02    1.00000000e+00    0.00000000e+00    0.00000000e+00    0.00000000e+00    1.00000000e+00    0.00000000e+00    0.00000000e+00  4.02500000e-01  
  1.00000000e-01    1.00000000e+00    0.00000000e+00    0.00000000e+00    0.00000000e+00    1.00000000e+00    0.00000000e+00    0.00000000e+00  3.97500000e-01  
  1.05000000e-01    1.00000000e+00    0.00000000e+00    0.00000000e+00    0.00000000e+00    1.00000000e+00    0.00000000e+00    0.00000000e+00  3.92500000e-01  
  1.10000000e-01    1.00000000e+00    0.00000000e+00    0.00000000e+00    0.00000000e+00    1.00000000e+00    0.00000000e+00    0.00000000e+00  3.87500000e-01  
  1.15000000e-01    1.00000000e+00    0.00000000e+00    0.00000000e+00    0.00000000e+00    1.00000000e+00    0.00000000e+00    0.00000000e+00  3.82500000e-01  
  1.20000000e-01    1.00000000e+00    0.00000000e+00    0.00000000e+00    0.00000000e+00    1.00000000e+00    0.00000000e+00    0.00000000e+00  3.77500000e-01  
  1.25000000e-01    1.00000000e+00    0.00000000e+00    0.00000000e+00    0.00000000e+00    1.00000000e+00    0.00000000e+00    0.00000000e+00  3.72500000e-01  
  1.30000000e-01    1.00000000e+00    0.00000000e+00    0.00000000e+00    0.00000000e+00    1.00000000e+00    0.00000000e+00    0.00000000e+00  3.67500000e-01  
  1.35000000e-01    1.00000000e+00    0.00000000e+00    0.00000000e+00    0.00000000e+00    1.00000000e+00    0.00000000e+00    0.00000000e+00  3.62500000e-01  
  1.40000000e-01    1.00000000e+00    0.00000000e+00    0.00000000e+00    0.00000000e+00    1.00000000e+00    0.00000000e+00    0.00000000e+00  3.57500000e-01  
  1.45000000e-01    1.00000000e+00    0.00000000e+00    0.00000000e+00    0.00000000e+00    1.00000000e+00    0.00000000e+00    0.00000000e+00  3.52500000e-01  
  1.50000000e-01    1.00000000e+00    0.00000000e+00    0.00000000e+00    0.00000000e+00    1.00000000e+00    0.00000000e+00    0.00000000e+00  3.47500000e-01  
  1.55000000e-01    1.00000000e+00    0.00000000e+00    0.00000000e+00    0.00000000e+00    1.00000000e+00    0.00000000e+00    0.00000000e+00  3.42500000e-01  
  1.60000000e-01    1.00000000e+00    0.00000000e+00    0.00000000e+00    0.00000000e+00    1.00000000e+00    0.00000000e+00    0.00000000e+00  3.37500000e-01  
  1.65000000e-01    1.00000000e+00    0.00000000e+00    0.00000000e+00    0.00000000e+00    1.00000000e+00    0.00000000e+00    0.00000000e+00  3.32500000e-01  
  1.70000000e-01    1.00000000e+00    0.00000000e+00    0.00000000e+00    0.00000000e+00    1.00000000e+00    0.00000000e+00    0.00000000e+00  3.27500000e-01  
  1.75000000e-01    1.00000000e+00    0.00000000e+00    0.00000000e+00    0.00000000e+00    1.00000000e+00    0.00000000e+00    0.00000000e+00  3.22500000e-01  
  1.80000000e-01    1.00000000e+00    0.00000000e+00    0.00000000e+00    0.00000000e+00    1.00000000e+00    0.00000000e+00    0.00000000e+00  3.17500000e-01  
  1.85000000e-01    1.00000000e+00    0.00000000e+00    0.00000000e+00    0.00000000e+00    1.00000000e+00    0.00000000e+00    0.00000000e+00  3.12500000e-01  
  1.90000000e-01    1.00000000e+00    0.00000000e+00    0.00000000e+00    0.00000000e+00    1.00000000e+00    0.00000000e+00    0.00000000e+00  3.07500000e-01  
  1.95000000e-01    1.00000000e+00    0.00000000e+00    0.00000000e+00    0.00000000e+00    1.00000000e+00    0.00000000e+00    0.00000000e+00  3.02500000e-01  
  2.00000000e-01    1.00000000e+00    0.00000000e+00    0.00000000e+00    0.00000000e+00    1.00000000e+00    0.00000000e+00    0.00000000e+00  2.97500000e-01  
  2.05000000e-01    1.00000000e+00    0.00000000e+00    0.00000000e+00    0.00000000e+00    1.00000000e+00    0.00000000e+00    0.00000000e+00  2.92500000e-01  
  2.10000000e-01    1.00000000e+00    0.00000000e+00    0.00000000e+00    0.00000000e+00    1.00000000e+00    0.00000000e+00    0.00000000e+00  2.87500000e-01  
  2.15000000e-01    1.00000000e+00    0.00000000e+00    0.00000000e+00    0.00000000e+00    1.00000000e+00    0.00000000e+00    0.00000000e+00  2.82500000e-01  
  2.20000000e-01    1.00000000e+00    0.00000000e+00    0.00000000e+00    0.00000000e+00    1.00000000e+00    0.00000000e+00    0.00000000e+00  2.77500000e-01  
  2.25000000e-01    1.00000000e+00    0.00000000e+00    0.00000000e+00    0.00000000e+00    1.00000000e+00    0.00000000e+00    0.00000000e+00  2.72500000e-01  
  2.30000000e-01    1.00000000e+00    0.00000000e+00    0.00000000e+00    0.00000000e+00    1.00000000e+00    0.00000000e+00    0.00000000e+00  2.67500000e-01  
  2.35000000e-01    1.00000000e+00    0.00000000e+00    0.00000000e+00    0.00000000e+00    1.00000000e+00    0.00000000e+00    0.00000000e+00  2.62500000e-01  
  2.40000000e-01    1.00000000e+00    0.00000000e+00    0.00000000e+00    0.00000000e+00    1.00000000e+00    0.00000000e+00    0.00000000e+00  2.57500000e-01  
  2.45000000e-01    1.00000000e+00    0.00000000e+00    0.00000000e+00    0.00000000e+00    1.00000000e+00    0.00000000e+00    0.00000000e+00  2.52500000e-01  
  2.50000000e-01    1.00000000e+00    0.00000000e+00    0.00000000e+00    0.00000000e+00    1.00000000e+00    0.00000000e+00    0.00000000e+00  2.47500000e-01  
  2.55000000e-01    1.00000000e+00    0.00000000e+00    0.00000000e+00    0.00000000e+00    1.00000000e+00    0.00000000e+00    0.00000000e+00  2.42500000e-01  
  2.60000000e-01    1.00000000e+00    0.00000000e+00    0.00000000e+00    0.00000000e+00    1.00000000e+00    0.00000000e+00    0.00000000e+00  2.37500000e-01  
  2.65000000e-01    1.00000000e+00    0.00000000e+00    0.00000000e+00    0.00000000e+00    1.00000000e+00    0.00000000e+00    0.00000000e+00  2.32500000e-01  
  2.70000000e-01    1.00000000e+00    0.00000000e+00    0.00000000e+00    0.00000000e+00    1.00000000e+00    0.00000000e+00    0.00000000e+00  2.27500000e-01  
  2.75000000e-01    1.00000000e+00    0.00000000e+00    0.00000000e+00    0.00000000e+00    1.00000000e+00    0.00000000e+00    0.00000000e+00  2.22500000e-01  
  2.80000000e-01    1.00000000e+00    0.00000000e+00    0.00000000e+00    0.00000000e+00    1.00000000e+00    0.00000000e+00    0.00000000e+00  2.17500000e-01  
  2.85000000e-01    1.00000000e+00    0.00000000e+00    0.00000000e+00    0.00000000e+00    1.00000000e+00    0.00000000e+00    0.00000000e+00  2.12500000e-01  
  2.90000000e-01    1.00000000e+00    0.00000000e+00    0.00000000e+00    0.00000000e+00    1.00000000e+00    0.00000000e+00    0.00000000e+00  2.07500000e-01  
  2.95000000e-01    1.00000000e+00    0.00000000e+00    0.00000000e+00    0.00000000e+00    1.00000000e+00    0.00000000e+00    0.00000000e+00  2.02500000e-01  
  3.00000000e-01    1.00000000e+00    0.00000000e+00    0.00000000e+00    0.00000000e+00    1.00000000e+00    0.00000000e+00    0.00000000e+00  1.97500000e-01  
  3.05000000e-01    1.00000000e+00    0.00000000e+00    0.00000000e+00    0.00000000e+00    1.00000000e+00    0.00000000e+00    0.00000000e+00  1.92500000e-01  
  3.10000000e-01    1.00000000e+00    0.00000000e+00    0.00000000e+00    0.00000000e+00    1.00000000e+00    0.00000000e+00    0.00000000e+00  1.87500000e-01  
  3.15000000e-01    1.00000000e+00    0.00000000e+00    0.00000000e+00    0.00000000e+00    1.00000000e+00    0.00000000e+00    0.00000000e+00  1.82500000e-01  
  3.20000000e-01    1.00000000e+00    0.00000000e+00    0.00000000e+00    0.00000000e+00    1.00000000e+00    0.00000000e+00    0.00000000e+00  1.77500000e-01  
  3.25000000e-01    1.00000000e+00    0.00000000e+00    0.00000000e+00    0.00000000e+00    1.00000000e+00    0.00000000e+00    0.00000000e+00  1.72500000e-01  
  3.30000000e-01    1.00000000e+00    0.00000000e+00    0.00000000e+00    0.00000000e+00    1.00000000e+00    0.00000000e+00    0.00000000e+00  1.67500000e-01  
  3.35000000e-01    1.00000000e+00    0.00000000e+00    0.00000000e+00    0.00000000e+00    1.00000000e+00    0.00000000e+00    0.00000000e+00  1.62500000e-01  
  3.40000000e-01    1.00000000e+00    0.00000000e+00    0.00000000e+00    0.00000000e+00    1.00000000e+00    0.00000000e+00    0.00000000e+00  1.57500000e-01  
  3.45000000e-01    1.00000000e+00    0.00000000e+00    0.00000000e+00    0.00000000e+00    1.00000000e+00    0.00000000e+00    0.00000000e+00  1.52500000e-01  
  3.50000000e-01    1.00000000e+00    0.00000000e+00    0.00000000e+00    0.00000000e+00    1.00000000e+00    0.00000000e+00    0.00000000e+00  1.47500000e-01  
  3.55000000e-01    1.00000000e+00    0.00000000e+00    0.00000000e+00    0.00000000e+00    1.00000000e+00    0.00000000e+00    0.00000000e+00  1.42500000e-01  
  3.60000000e-01    1.00000000e+00    0.00000000e+00    0.00000000e+00    0.00000000e+00    1.00000000e+00    0.00000000e+00    0.00000000e+00  1.37500000e-01  
  3.65000000e-01    1.00000000e+00    0.00000000e+00    0.00000000e+00    0.00000000e+00    1.00000000e+00    0.00000000e+00    0.00000000e+00  1.32500000e-01  
  3.70000000e-01    1.00000000e+00    0.00000000e+00    0.00000000e+00    0.00000000e+00    1.00000000e+00    0.00000000e+00    0.00000000e+00  1.27500000e-01  
  3.75000000e-01    1.00000000e+00    0.00000000e+00    0.00000000e+00    0.00000000e+00    1.00000000e+00    0.00000000e+00    0.00000000e+00  1.22500000e-01  
  3.80000000e-01    1.00000000e+00    0.00000000e+00    0.00000000e+00    0.00000000e+00    1.00000000e+00    0.00000000e+00    0.00000000e+00  1.17500000e-01  
  3.85000000e-01    1.00000000e+00    0.00000000e+00    0.00000000e+00    0.00000000e+00    1.00000000e+00    0.00000000e+00    0.00000000e+00  1.12500000e-01  
  3.90000000e-01    1.00000000e+00    0.00000000e+00    0.00000000e+00    0.00000000e+00    1.00000000e+00    0.00000000e+00    0.00000000e+00  1.07500000e-01  
  3.95000000e-01    1.00000000e+00    0.00000000e+00    0.00000000e+00    0.00000000e+00    1.00000000e+00    0.00000000e+00    0.00000000e+00  1.02500000e-01  
  4.00000000e-01    1.00000000e+00    0.00000000e+00    0.00000000e+00    0.00000000e+00    1.00000000e+00    0.00000000e+00    0.00000000e+00  9.75000000e-02  
  4.05000000e-01    1.00000000e+00    0.00000000e+00    0.00000000e+00    0.00000000e+00    1.00000000e+00    0.00000000e+00    0.00000000e+00  9.25000000e-02  
  4.10000000e-01    1.00000000e+00    0.00000000e+00    0.00000000e+00    0.00000000e+00    1.00000000e+00    0.00000000e+00    0.00000000e+00  8.75000000e-02  
  4.15000000e-01    1.00000000e+00    0.00000000e+00    0.00000000e+00    0.00000000e+00    1.00000000e+00    0.00000000e+00    0.00000000e+00  8.25000000e-02  
  4.20000000e-01    1.00000000e+00    0.00000000e+00    0.00000000e+00    0.00000000e+00    1.00000000e+00    0.00000000e+00    0.00000000e+00  7.75000000e-02  
  4.25000000e-01    1.00000000e+00    0.00000000e+00    0.00000000e+00    0.00000000e+00    1.00000000e+00    0.00000000e+00    0.00000000e+00  7.25000000e-02  
  4.30000000e-01    1.00000000e+00    0.00000000e+00    0.00000000e+00    0.00000000e+00    1.00000000e+00    0.00000000e+00    0.00000000e+00  6.75000000e-02  
  4.35000000e-01    1.00000000e+00    0.00000000e+00    0.00000000e+00    0.00000000e+00    1.00000000e+00    0.00000000e+00    0.00000000e+00  6.25000000e-02  
  4.40000000e-01    1.00000000e+00    0.00000000e+00    0.00000000e+00    0.00000000e+00    1.00000000e+00    0.00000000e+00    0.00000000e+00  5.75000000e-02  
  4.45000000e-01    1.00000000e+00    0.00000000e+00    0.00000000e+00    0.00000000e+00    1.00000000e+00    0.00000000e+00    0.00000000e+00  5.25000000e-02  
  4.50000000e-01    1.00000000e+00    0.00000000e+00    0.00000000e+00    0.00000000e+00    1.00000000e+00    0.00000000e+00    0.00000000e+00  4.75000000e-02  
  4.55000000e-01    1.00000000e+00    0.00000000e+00    0.00000000e+00    0.00000000e+00    1.00000000e+00    0.00000000e+00    0.00000000e+00  4.25000000e-02  
  4.60000000e-01    1.00000000e+00    0.00000000e+00    0.00000000e+00    0.00000000e+00    1.00000000e+00    0.00000000e+00    0.00000000e+00  3.75000000e-02  
  4.65000000e-01    1.00000000e+00    0.00000000e+00    0.00000000e+00    0.00000000e+00    1.00000000e+00    0.00000000e+00    0.00000000e+00  3.25000000e-02  
  4.70000000e-01    1.00000000e+00    0.00000000e+00    0.00000000e+00    0.00000000e+00    1.00000000e+00    0.00000000e+00    0.00000000e+00  2.75000000e-02  
  4.75000000e-01    1.00000000e+00    0.00000000e+00    0.00000000e+00    0.00000000e+00    1.00000000e+00    0.00000000e+00    0.00000000e+00  2.25000000e-02  
  4.80000000e-01    1.00000000e+00    0.00000000e+00    0.00000000e+00    0.00000000e+00    1.00000000e+00    0.00000000e+00    0.00000000e+00  1.75000000e-02  
  4.85000000e-01    1.00000000e+00    0.00000000e+00    0.00000000e+00    0.00000000e+00    1.00000000e+00    0.00000000e+00    0.00000000e+00  1.25000000e-02  
  4.90000000e-01    1.00000000e+00    0.00000000e+00    0.00000000e+00    0.00000000e+00    1.00000000e+00    0.00000000e+00    0.00000000e+00  7.50000000e-03  
  4.95000000e-01    1.00000000e+00    0.00000000e+00    0.00000000e+00    0.00000000e+00    1.00000000e+00    0.00000000e+00    0.00000000e+00  2.50000000e-03  
  5.00000000e-01    1.25000000e-01    0.00000000e+00    0.00000000e+00    0.00000000e+00    1.00000000e-01    0.00000000e+00    1.00000000e+00 -2.50000000e-03  
  5.05000000e-01    1.25000000e-01    0.00000000e+00    0.00000000e+00    0.00000000e+00    1.00000000e-01    0.00000000e+00    1.00000000e+00 -7.50000000e-03  
  5.10000000e-01    1.25000000e-01    0.00000000e+00    0.00000000e+00    0.00000000e+00    1.00000000e-01    0.00000000e+00    1.00000000e+00 -1.25000000e-02  
  5.15000000e-01    1.25000000e-01    0.00000000e+00    0.00000000e+00    0.00000000e+00    1.00000000e-01    0.00000000e+00    1.00000000e+00 -1.75000000e-02  
  5.20000000e-01    1.25000000e-01    0.00000000e+00    0.00000000e+00    0.00000000e+00    1.00000000e-01    0.00000000e+00    1.00000000e+00 -2.25000000e-02  
  5.25000000e-01    1.25000000e-01    0.00000000e+00    0.00000000e+00    0.00000000e+00    1.00000000e-01    0.00000000e+00    1.00000000e+00 -2.75000000e-02  
  5.30000000e-01    1.25000000e-01    0.00000000e+00    0.00000000e+00    0.00000000e+00    1.00000000e-01    0.00000000e+00    1.00000000e+00 -3.25000000e-02  
  5.35000000e-01    1.25000000e-01    0.00000000e+00    0.00000000e+00    0.00000000e+00    1.00000000e-01    0.00000000e+00    1.00000000e+00 -3.75000000e-02  
  5.40000000e-01    1.25000000e-01    0.00000000e+00    0.00000000e+00    0.00000000e+00    1.00000000e-01    0.00000000e+00    1.00000000e+00 -4.25000000e-02  
  5.45000000e-01    1.25000000e-01    0.00000000e+00    0.00000000e+00    0.00000000e+00    1.00000000e-01    0.00000000e+00    1.00000000e+00 -4.75000000e-02  
  5.50000000e-01    1.25000000e-01    0.00000000e+00    0.00000000e+00    0.00000000e+00    1.00000000e-01    0.00000000e+00    1.00000000e+00 -5.25000000e-02  
  5.55000000e-01    1.25000000e-01    0.00000000e+00    0.00000000e+00    0.00000000e+00    1.00000000e-01    0.00000000e+00    1.00000000e+00 -5.75000000e-02  
  5.60000000e-01    1.25000000e-01    0.00000000e+00    0.00000000e+00    0.00000000e+00    1.00000000e-01    0.00000000e+00    1.00000000e+00 -6.25000000e-02  
  5.65000000e-01    1.25000000e-01    0.00000000e+00    0.00000000e+00    0.00000000e+00    1.00000000e-01    0.00000000e+00    1.00000000e+00 -6.75000000e-02  
  5.70000000e-01    1.25000000e-01    0.00000000e+00    0.00000000e+00    0.00000000e+00    1.00000000e-01    0.00000000e+00    1.00000000e+00 -7.25000000e-02  
  5.75000000e-01    1.25000000e-01    0.00000000e+00    0.00000000e+00    0.00000000e+00    1.00000000e-01    0.00000000e+00    1.00000000e+00 -7.75000000e-02  
  5.80000000e-01    1.25000000e-01    0.00000000e+00    0.00000000e+00    0.00000000e+00    1.00000000e-01    0.00000000e+00    1.00000000e+00 -8.25000000e-02  
  5.85000000e-01    1.25000000e-01    0.00000000e+00    0.00000000e+00    0.00000000e+00    1.00000000e-01    0.00000000e+00    1.00000000e+00 -8.75000000e-02  
  5.90000000e-01    1.25000000e-01    0.00000000e+00    0.00000000e+00    0.00000000e+00    1.00000000e-01    0.00000000e+00    1.00000000e+00 -9.25000000e-02  
  5.95000000e-01    1.25000000e-01    0.00000000e+00    0.00000000e+00    0.00000000e+00    1.00000000e-01    0.00000000e+00    1.00000000e+00 -9.75000000e-02  
  6.00000000e-01    1.25000000e-01    0.00000000e+00    0.00000000e+00    0.00000000e+00    1.00000000e-01    0.00000000e+00    1.00000000e+00 -1.02500000e-01  
  6.05000000e-01    1.25000000e-01    0.00000000e+00    0.00000000e+00    0.00000000e+00    1.00000000e-01    0.00000000e+00    1.00000000e+00 -1.07500000e-01  
  6.10000000e-01    1.25000000e-01    0.00000000e+00    0.00000000e+00    0.00000000e+00    1.00000000e-01    0.00000000e+00    1.00000000e+00 -1.12500000e-01  
  6.15000000e-01    1.25000000e-01    0.00000000e+00    0.00000000e+00    0.00000000e+00    1.00000000e-01    0.00000000e+00    1.00000000e+00 -1.17500000e-01  
  6.20000000e-01    1.25000000e-01    0.00000000e+00    0.00000000e+00    0.00000000e+00    1.00000000e-01    0.00000000e+00    1.00000000e+00 -1.22500000e-01  
  6.25000000e-01    1.25000000e-01    0.00000000e+00    0.00000000e+00    0.00000000e+00    1.00000000e-01    0.00000000e+00    1.00000000e+00 -1.27500000e-01  
  6.30000000e-01    1.25000000e-01    0.00000000e+00    0.00000000e+00    0.00000000e+00    1.00000000e-01    0.00000000e+00    1.00000000e+00 -1.32500000e-01  
  6.35000000e-01    1.25000000e-01    0.00000000e+00    0.00000000e+00    0.00000000e+00    1.00000000e-01    0.00000000e+00    1.00000000e+00 -1.37500000e-01  
  6.40000000e-01    1.25000000e-01    0.00000000e+00    0.00000000e+00    0.00000000e+00    1.00000000e-01    0.00000000e+00    1.00000000e+00 -1.42500000e-01  
  6.45000000e-01    1.25000000e-01    0.00000000e+00    0.00000000e+00    0.00000000e+00    1.00000000e-01    0.00000000e+00    1.00000000e+00 -1.47500000e-01  
  6.50000000e-01    1.25000000e-01    0.00000000e+00    0.00000000e+00    0.00000000e+00    1.00000000e-01    0.00000000e+00    1.00000000e+00 -1.52500000e-01  
  6.55000000e-01    1.25000000e-01    0.00000000e+00    0.00000000e+00    0.00000000e+00    1.00000000e-01    0.00000000e+00    1.00000000e+00 -1.57500000e-01  
  6.60000000e-01    1.25000000e-01    0.00000000e+00    0.00000000e+00    0.00000000e+00    1.00000000e-01    0.00000000e+00    1.00000000e+00 -1.62500000e-01  
  6.65000000e-01    1.25000000e-01    0.00000000e+00    0.00000000e+00    0.00000000e+00    1.00000000e-01    0.00000000e+00    1.00000000e+00 -1.67500000e-01  
  6.70000000e-01    1.25000000e-01    0.00000000e+00    0.00000000e+00    0.00000000e+00    1.00000000e-01    0.00000000e+00    1.00000000e+00 -1.72500000e-01  
  6.75000000e-01    1.25000000e-01    0.00000000e+00    0.00000000e+00    0.00000000e+00    1.00000000e-01    0.00000000e+00    1.00000000e+00 -1.77500000e-01  
  6.80000000e-01    1.25000000e-01    0.00000000e+00    0.00000000e+00    0.00000000e+00    1.00000000e-01    0.00000000e+00    1.00000000e+00 -1.82500000e-01  
  6.85000000e-01    1.25000000e-01    0.00000000e+00    0.00000000e+00    0.00000000e+00    1.00000000e-01    0.00000000e+00    1.00000000e+00 -1.87500000e-01  
  6.90000000e-01    1.25000000e-01    0.00000000e+00    0.00000000e+00    0.00000000e+00    1.00000000e-01    0.00000000e+00    1.00000000e+00 -1.92500000e-01  
  6.95000000e-01    1.25000000e-01    0.00000000e+00    0.00000000e+00    0.00000000e+00    1.00000000e-01    0.00000000e+00    1.00000000e+00 -1.97500000e-01  
  7.00000000e-01    1.25000000e-01    0.00000000e+00    0.00000000e+00    0.00000000e+00    1.00000000e-01    0.00000000e+00    1.00000000e+00 -2.02500000e-01  
  7.05000000e-01    1.25000000e-01    0.00000000e+00    0.00000000e+00    0.00000000e+00    1.00000000e-01    0.00000000e+00    1.00000000e+00 -2.07500000e-01  
  7.10000000e-01    1.25000000e-01    0.00000000e+00    0.00000000e+00    0.00000000e+00    1.00000000e-01    0.00000000e+00    1.00000000e+00 -2.12500000e-01  
  7.15000000e-01    1.25000000e-01    0.00000000e+00    0.00000000e+00    0.00000000e+00    1.00000000e-01    0.00000000e+00    1.00000000e+00 -2.17500000e-01  
  7.20000000e-01    1.25000000e-01    0.00000000e+00    0.00000000e+00    0.00000000e+00    1.00000000e-01    0.00000000e+00    1.00000000e+00 -2.22500000e-01  
  7.25000000e-01    1.25000000e-01    0.00000000e+00    0.00000000e+00    0.00000000e+00    1.00000000e-01    0.00000000e+00    1.00000000e+00 -2.27500000e-01  
  7.30000000e-01    1.25000000e-01    0.00000000e+00    0.00000000e+00    0.00000000e+00    1.00000000e-01    0.00000000e+00    1.00000000e+00 -2.32500000e-01  
  7.35000000e-01    1.25000000e-01    0.00000000e+00    0.00000000e+00    0.00000000e+00    1.00000000e-01    0.00000000e+00    1.00000000e+00 -2.37500000e-01  
  7.40000000e-01    1.25000000e-01    0.00000000e+00    0.00000000e+00    0.00000000e+00    1.00000000e-01    0.00000000e+00    1.00000000e+00 -2.42500000e-01  
  7.45000000e-01    1.25000000e-01    0.00000000e+00    0.00000000e+00    0.00000000e+00    1.00000000e-01    0.00000000e+00    1.00000000e+00 -2.47500000e-01  
  7.50000000e-01    1.25000000e-01    0.00000000e+00    0.00000000e+00    0.00000000e+00    1.00000000e-01    0.00000000e+00    1.00000000e+00 -2.52500000e-01  
  7.55000000e-01    1.25000000e-01    0.00000000e+00    0.00000000e+00    0.00000000e+00    1.00000000e-01    0.00000000e+00    1.00000000e+00 -2.57500000e-01  
  7.60000000e-01    1.25000000e-01    0.00000000e+00    0.00000000e+00    0.00000000e+00    1.00000000e-01    0.00000000e+00    1.00000000e+00 -2.62500000e-01  
  7.65000000e-01    1.25000000e-01    0.00000000e+00    0.00000000e+00    0.00000000e+00    1.00000000e-01    0.00000000e+00    1.00000000e+00 -2.67500000e-01  
  7.70000000e-01    1.25000000e-01    0.00000000e+00    0.00000000e+00    0.00000000e+00    1.00000000e-01    0.00000000e+00    1.00000000e+00 -2.72500000e-01  
  7.75000000e-01    1.25000000e-01    0.00000000e+00    0.00000000e+00    0.00000000e+00    1.00000000e-01    0.00000000e+00    1.00000000e+00 -2.77500000e-01  
  7.80000000e-01    1.25000000e-01    0.00000000e+00    0.00000000e+00    0.00000000e+00    1.00000000e-01    0.00000000e+00    1.00000000e+00 -2.82500000e-01  
  7.85000000e-01    1.25000000e-01    0.00000000e+00    0.00000000e+00    0.00000000e+00    1.00000000e-01    0.00000000e+00    1.00000000e+00 -2.87500000e-01  
  7.90000000e-01    1.25000000e-01    0.00000000e+00    0.00000000e+00    0.00000000e+00    1.00000000e-01    0.00000000e+00    1.00000000e+00 -2.92500000e-01  
  7.95000000e-01    1.25000000e-01    0.00000000e+00    0.00000000e+00    0.00000000e+00    1.00000000e-01    0.00000000e+00    1.00000000e+00 -2.97500000e-01  
  8.00000000e-01    1.25000000e-01    0.00000000e+00    0.00000000e+00    0.00000000e+00    1.00000000e-01    0.00000000e+00    1.00000000e+00 -3.02500000e-01  
  8.05000000e-01    1.25000000e-01    0.00000000e+00    0.00000000e+00    0.00000000e+00    1.00000000e-01    0.00000000e+00    1.00000000e+00 -3.07500000e-01  
  8.10000000e-01    1.25000000e-01    0.00000000e+00    0.00000000e+00    0.00000000e+00    1.00000000e-01    0.00000000e+00    1.00000000e+00 -3.12500000e-01  
  8.15000000e-01    1.25000000e-01    0.00000000e+00    0.00000000e+00    0.00000000e+00    1.00000000e-01    0.00000000e+00    1.00000000e+00 -3.17500000e-01  
  8.20000000e-01    1.25000000e-01    0.00000000e+00    0.00000000e+00    0.00000000e+00    1.00000000e-01    0.00000000e+00    1.00000000e+00 -3.22500000e-01  
  8.25000000e-01    1.25000000e-01    0.00000000e+00    0.00000000e+00    0.00000000e+00    1.00000000e-01    0.00000000e+00    1.00000000e+00 -3.27500000e-01  
  8.30000000e-01    1.25000000e-01    0.00000000e+00    0.00000000e+00    0.00000000e+00    1.00000000e-01    0.00000000e+00    1.00000000e+00 -3.32500000e-01  
  8.35000000e-01    1.25000000e-01    0.00000000e+00    0.00000000e+00    0.00000000e+00    1.00000000e-01    0.00000000e+00    1.00000000e+00 -3.37500000e-01  
  8.40000000e-01    1.25000000e-01    0.00000000e+00    0.00000000e+00    0.00000000e+00    1.00000000e-01    0.00000000e+00    1.00000000e+00 -3.42500000e-01  
  8.45000000e-01    1.25000000e-01    0.00000000e+00    0.00000000e+00    0.00000000e+00    1.00000000e-01    0.00000000e+00    1.00000000e+00 -3.47500000e-01  
  8.50000000e-01    1.25000000e-01    0.00000000e+00    0.00000000e+00    0.00000000e+00    1.00000000e-01    0.00000000e+00    1.00000000e+00 -3.52500000e-01  
  8.55000000e-01    1.25000000e-01    0.00000000e+00    0.00000000e+00    0.00000000e+00    1.00000000e-01    0.00000000e+00    1.00000000e+00 -3.57500000e-01  
  8.60000000e-01    1.25000000e-01    0.00000000e+00    0.00000000e+00    0.00000000e+00    1.00000000e-01    0.00000000e+00    1.00000000e+00 -3.62500000e-01  
  8.65000000e-01    1.25000000e-01    0.00000000e+00    0.00000000e+00    0.00000000e+00    1.00000000e-01    0.00000000e+00    1.00000000e+00 -3.67500000e-01  
  8.70000000e-01    1.25000000e-01    0.00000000e+00    0.00000000e+00    0.00000000e+00    1.00000000e-01    0.00000000e+00    1.00000000e+00 -3.72500000e-01  
  8.75000000e-01    1.25000000e-01    0.00000000e+00    0.00000000e+00    0.00000000e+00    1.00000000e-01    0.00000000e+00    1.00000000e+00 -3.77500000e-01  
  8.80000000e-01    1.25000000e-01    0.00000000e+00    0.00000000e+00    0.00000000e+00    1.00000000e-01    0.00000000e+00    1.00000000e+00 -3.82500000e-01  
  8.85000000e-01    1.25000000e-01    0.00000000e+00    0.00000000e+00    0.00000000e+00    1.00000000e-01    0.00000000e+00    1.00000000e+00 -3.87500000e-01  
  8.90000000e-01    1.25000000e-01    0.00000000e+00    0.00000000e+00    0.00000000e+00    1.00000000e-01    0.00000000e+00    1.00000000e+00 -3.92500000e-01  
  8.95000000e-01    1.25000000e-01    0.00000000e+00    0.00000000e+00    0.00000000e+00    1.00000000e-01    0.00000000e+00    1.00000000e+00 -3.97500000e-01  
  9.00000000e-01    1.25000000e-01    0.00000000e+00    0.00000000e+00    0.00000000e+00    1.00000000e-01    0.00000000e+00    1.00000000e+00 -4.02500000e-01  
  9.05000000e-01    1.25000000e-01    0.00000000e+00    0.00000000e+00    0.00000000e+00    1.00000000e-01    0.00000000e+00    1.00000000e+00 -4.07500000e-01  
  9.10000000e-01    1.25000000e-01    0.00000000e+00    0.00000000e+00    0.00000000e+00    1.00000000e-01    0.00000000e+00    1.00000000e+00 -4.12500000e-01  
  9.15000000e-01    1.25000000e-01    0.00000000e+00    0.00000000e+00    0.00000000e+00    1.00000000e-01    0.00000000e+00    1.00000000e+00 -4.17500000e-01  
  9.20000000e-01    1.25000000e-01    0.00000000e+00    0.00000000e+00    0.00000000e+00    1.00000000e-01    0.00000000e+00    1.00000000e+00 -4.22500000e-01  
  9.25000000e-01    1.25000000e-01    0.00000000e+00    0.00000000e+00    0.00000000e+00    1.00000000e-01    0.00000000e+00    1.00000000e+00 -4.27500000e-01  
  9.30000000e-01    1.25000000e-01    0.00000000e+00    0.00000000e+00    0.00000000e+00    1.00000000e-01    0.00000000e+00    1.00000000e+00 -4.32500000e-01  
  9.35000000e-01    1.25000000e-01    0.00000000e+00    0.00000000e+00    0.00000000e+00    1.00000000e-01    0.00000000e+00    1.00000000e+00 -4.37500000e-01  
  9.40000000e-01    1.25000000e-01    0.00000000e+00    0.00000000e+00    0.00000000e+00    1.00000000e-01    0.00000000e+00    1.00000000e+00 -4.42500000e-01  
  9.45000000e-01    1.25000000e-01    0.00000000e+00    0.00000000e+00    0.00000000e+00    1.00000000e-01    0.00000000e+00    1.00000000e+00 -4.47500000e-01  
  9.50000000e-01    1.25000000e-01    0.00000000e+00    0.00000000e+00    0.00000000e+00    1.00000000e-01    0.00000000e+00    1.00000000e+00 -4.52500000e-01  
  9.55000000e-01    1.25000000e-01    0.00000000e+00    0.00000000e+00    0.00000000e+00    1.00000000e-01    0.00000000e+00    1.00000000e+00 -4.57500000e-01  
  9.60000000e-01    1.25000000e-01    0.00000000e+00    0.00000000e+00    0.00000000e+00    1.00000000e-01    0.00000000e+00    1.00000000e+00 -4.62500000e-01  
  9.65000000e-01    1.25000000e-01    0.00000000e+00    0.00000000e+00    0.00000000e+00    1.00000000e-01    0.00000000e+00    1.00000000e+00 -4.67500000e-01  
  9.70000000e-01    1.25000000e-01    0.00000000e+00    0.00000000e+00    0.00000000e+00    1.00000000e-01    0.00000000e+00    1.00000000e+00 -4.72500000e-01  
  9.75000000e-01    1.25000000e-01    0.00000000e+00    0.00000000e+00    0.00000000e+00    1.00000000e-01    0.00000000e+00    1.00000000e+00 -4.77500000e-01  
  9.80000000e-01    1.25000000e-01    0.00000000e+00    0.00000000e+00    0.00000000e+00    1.00000000e-01    0.00000000e+00    1.00000000e+00 -4.82500000e-01  
  9.85000000e-01    1.25000000e-01    0.00000000e+00    0.00000000e+00    0.00000000e+00    1.00000000e-01    0.00000000e+00    1.00000000e+00 -4.87500000e-01  
  9.90000000e-01    1.25000000e-01    0.00000000e+00    0.00000000e+00    0.00000000e+00    1.00000000e-01    0.00000000e+00    1.00000000e+00 -4.92500000e-01  
  9.95000000e-01    1.25000000e-01    0.00000000e+00    0.00000000e+00    0.00000000e+00    1.00000000e-01    0.00000000e+00    1.00000000e+00 -4.97500000e-01  
