## Line: (2.500000e-03, 0.000000e+00, 0.000000e+00) -> (9.975000e-01, 0.000000e+00, 0.000000e+00)
## Number of points: 200 (h = 5.000000e-03)
## Time: 1.000000e-01, Time step: 56.
## Coordinate  |  Density  |  Velocity (Vx,Vy,Vz)  |  Pressure  |  Temperature  |  Material ID  |  LevelSet(s)
  0.00000000e+00    1.00000000e+00    0.00000000e+00    0.00000000e+00    0.00000000e+00    1.00000000e+00    0.00000000e+00    0.00000000e+00  4.97500000e-01  
  5.00000000e-03    1.00000000e+00    0.00000000e+00    0.00000000e+00    0.00000000e+00    1.00000000e+00    0.00000000e+00    0.00000000e+00  4.92500000e-01  
  1.00000000e-02    1.00000000e+00    9.47522841e-17    0.00000000e+00    0.00000000e+00    1.00000000e+00    0.00000000e+00    0.00000000e+00  4.87500000e-01  
  1.50000000e-02    1.00000000e+00    1.58047693e-16    0.00000000e+00    0.00000000e+00    1.00000000e+00    0.00000000e+00    0.00000000e+00  4.82500000e-01  
  2.00000000e-02    1.00000000e+00    5.36765331e-16    0.00000000e+00    0.00000000e+00    1.00000000e+00    0.00000000e+00    0.00000000e+00  4.77500000e-01  
  2.50000000e-02    1.00000000e+00    1.16837749e-15    0.00000000e+00    0.00000000e+00    1.00000000e+00    0.00000000e+00    0.00000000e+00  4.72500000e-01  
  3.00000000e-02    1.00000000e+00    2.62052457e-15    0.00000000e+00    0.00000000e+00    1.00000000e+00    0.00000000e+00    0.00000000e+00  4.67500000e-01  
  3.50000000e-02    1.00000000e+00    5.52548755e-15    0.00000000e+00    0.00000000e+00    1.00000000e+00    0.00000000e+00    0.00000000e+00  4.62500000e-01  
  4.00000000e-02    1.00000000e+00    1.14294876e-14    0.00000000e+00    0.00000000e+00    1.00000000e+00    0.00000000e+00    0.00000000e+00  4.57500000e-01  
  4.50000000e-02    1.00000000e+00    2.32686504e-14    0.00000000e+00    0.00000000e+00    1.00000000e+00    0.00000000e+00    0.00000000e+00  4.52500000e-01  
  5.00000000e-02    1.00000000e+00    4.65361051e-14    0.00000000e+00    0.00000000e+00    1.00000000e+00    0.00000000e+00    0.00000000e+00  4.47500000e-01  
  5.50000000e-02    1.00000000e+00    9.07974638e-14    0.00000000e+00    0.00000000e+00    1.00000000e+00    0.00000000e+00    0.00000000e+00  4.42500000e-01  
  6.00000000e-02    1.00000000e+00    1.74771798e-13    0.00000000e+00    0.00000000e+00    1.00000000e+00    0.00000000e+00    0.00000000e+00  4.37500000e-01  
  6.50000000e-02    1.00000000e+00    3.31037092e-13    0.00000000e+00    0.00000000e+00    1.00000000e+00    0.00000000e+00    0.00000000e+00  4.32500000e-01  
  7.00000000e-02    1.00000000e+00    6.17012592e-13    0.00000000e+00    0.00000000e+00    1.00000000e+00    0.00000000e+00    0.00000000e+00  4.27500000e-01  
  7.50000000e-02    1.00000000e+00    1.13235199e-12    0.00000000e+00    0.00000000e+00    1.00000000e+00    0.00000000e+00    0.00000000e+00  4.22500000e-01  
  8.00000000e-02    1.00000000e+00    2.04671911e-12    0.00000000e+00    0.00000000e+00    1.00000000e+00    0.00000000e+00    0.00000000e+00  4.17500000e-01  
  8.50000000e-02    1.00000000e+00    3.64362650e-12    0.00000000e+00    0.00000000e+00    1.00000000e+00    0.00000000e+00    0.00000000e+00  4.12500000e-01  
  9.00000000e-02    1.00000000e+00    6.38785361e-12    0.00000000e+00    0.00000000e+00    1.00000000e+00    0.00000000e+00    0.00000000e+00  4.07500000e-01  
  9.50000000e-02    1.00000000e+00    1.10281449e-11    0.00000000e+00    0.00000000e+00    1.00000000e+00    0.00000000e+00    0.00000000e+00  4.02500000e-01  
  1.00000000e-01    1.00000000e+00    1.87474036e-11    0.00000000e+00    0.00000000e+00    1.00000000e+00    0.00000000e+00    0.00000000e+00  3.97500000e-01  
  1.05000000e-01    1.00000000e+00    3.13799472e-11    0.00000000e+00    0.00000000e+00    1.00000000e+00    0.00000000e+00    0.00000000e+00  3.92500000e-01  
  1.10000000e-01    1.00000000e+00    5.17138976e-11    0.00000000e+00    0.00000000e+00    1.00000000e+00    0.00000000e+00    0.00000000e+00  3.87500000e-01  
  1.15000000e-01    1.00000000e+00    8.39034164e-11    0.00000000e+00    0.00000000e+00    1.00000000e+00    0.00000000e+00    0.00000000e+00  3.82500000e-01  
  1.20000000e-01    1.00000000e+00    1.34011946e-10    0.00000000e+00    0.00000000e+00    1.00000000e+00    0.00000000e+00    0.00000000e+00  3.77500000e-01  
  1.25000000e-01    1.00000000e+00    2.10704719e-10    0.00000000e+00    0.00000000e+00    1.00000000e+00    0.00000000e+00    0.00000000e+00  3.72500000e-01  
  1.30000000e-01    1.00000000e+00    3.26097495e-10    0.00000000e+00    0.00000000e+00    1.00000000e+00    0.00000000e+00    0.00000000e+00  3.67500000e-01  
  1.35000000e-01    1.00000000e+00    4.96755518e-10    0.00000000e+00    0.00000000e+00    9.99999999e-01    0.00000000e+00    0.00000000e+00  3.62500000e-01  
  1.40000000e-01    9.99999999e-01    7.44816363e-10    0.00000000e+00    0.00000000e+00    9.99999999e-01    0.00000000e+00    0.00000000e+00  3.57500000e-01  
  1.45000000e-01    9.99999999e-01    1.09920556e-09    0.00000000e+00    0.00000000e+00    9.99999999e-01    0.00000000e+00    0.00000000e+00  3.52500000e-01  
  1.50000000e-01    9.99999999e-01    1.59690491e-09    0.00000000e+00    0.00000000e+00    9.99999998e-01    0.00000000e+00    0.00000000e+00  3.47500000e-01  
  1.55000000e-01    9.99999998e-01    2.28397171e-09    0.00000000e+00    0.00000000e+00    9.99999997e-01    0.00000000e+00    0.00000000e+00  3.42500000e-01  
  1.60000000e-01    9.99999997e-01    3.21527067e-09    0.00000000e+00    0.00000000e+00    9.99999996e-01    0.00000000e+00    0.00000000e+00  3.37500000e-01  
  1.65000000e-01    9.99999996e-01    4.45214798e-09    0.00000000e+00    0.00000000e+00    9.99999995e-01    0.00000000e+00    0.00000000e+00  3.32500000e-01  
  1.70000000e-01    9.99999995e-01    6.05378049e-09    0.00000000e+00    0.00000000e+00    9.99999993e-01    0.00000000e+00    0.00000000e+00  3.27500000e-01  
  1.75000000e-01    9.99999993e-01    8.01119988e-09    0.00000000e+00    0.00000000e+00    9.99999991e-01    0.00000000e+00    0.00000000e+00  3.22500000e-01  
  1.80000000e-01    9.99999991e-01    1.05993930e-08    0.00000000e+00    0.00000000e+00    9.99999987e-01    0.00000000e+00    0.00000000e+00  3.17500000e-01  
  1.85000000e-01    9.99999982e-01    2.16231125e-08    0.00000000e+00    0.00000000e+00    9.99999975e-01    0.00000000e+00    0.00000000e+00  3.12500000e-01  
  1.90000000e-01    9.99999945e-01    6.47482151e-08    0.00000000e+00    0.00000000e+00    9.99999923e-01    0.00000000e+00    0.00000000e+00  3.07500000e-01  
  1.95000000e-01    9.99999831e-01    2.00312152e-07    0.00000000e+00    0.00000000e+00    9.99999763e-01    0.00000000e+00    0.00000000e+00  3.02500001e-01  
  2.00000000e-01    9.99999495e-01    5.96757221e-07    0.00000000e+00    0.00000000e+00    9.99999294e-01    0.00000000e+00    0.00000000e+00  2.97500002e-01  
  2.05000000e-01    9.99998556e-01    1.70836489e-06    0.00000000e+00    0.00000000e+00    9.99997979e-01    0.00000000e+00    0.00000000e+00  2.92500006e-01  
  2.10000000e-01    9.99995994e-01    4.73972146e-06    0.00000000e+00    0.00000000e+00    9.99994392e-01    0.00000000e+00    0.00000000e+00  2.87500018e-01  
  2.15000000e-01    9.99989182e-01    1.28001369e-05    0.00000000e+00    0.00000000e+00    9.99984855e-01    0.00000000e+00    0.00000000e+00  2.82500051e-01  
  2.20000000e-01    9.99971585e-01    3.36215269e-05    0.00000000e+00    0.00000000e+00    9.99960219e-01    0.00000000e+00    0.00000000e+00  2.77500138e-01  
  2.25000000e-01    9.99927481e-01    8.58078142e-05    0.00000000e+00    0.00000000e+00    9.99898476e-01    0.00000000e+00    0.00000000e+00  2.72500364e-01  
  2.30000000e-01    9.99820453e-01    2.12458322e-04    0.00000000e+00    0.00000000e+00    9.99748645e-01    0.00000000e+00    0.00000000e+00  2.67500934e-01  
  2.35000000e-01    9.99569715e-01    5.09207220e-04    0.00000000e+00    0.00000000e+00    9.99397663e-01    0.00000000e+00    0.00000000e+00  2.62502330e-01  
  2.40000000e-01    9.99004326e-01    1.17857066e-03    0.00000000e+00    0.00000000e+00    9.98606381e-01    0.00000000e+00    0.00000000e+00  2.57505628e-01  
  2.45000000e-01    9.97781069e-01    2.62784169e-03    0.00000000e+00    0.00000000e+00    9.96895077e-01    0.00000000e+00    0.00000000e+00  2.52513145e-01  
  2.50000000e-01    9.95253064e-01    5.62756029e-03    0.00000000e+00    0.00000000e+00    9.93361380e-01    0.00000000e+00    0.00000000e+00  2.47529605e-01  
  2.55000000e-01    9.90356950e-01    1.14550428e-02    0.00000000e+00    0.00000000e+00    9.86528354e-01    0.00000000e+00    0.00000000e+00  2.42564022e-01  
  2.60000000e-01    9.82037563e-01    2.14106174e-02    0.00000000e+00    0.00000000e+00    9.74949282e-01    0.00000000e+00    0.00000000e+00  2.37631209e-01  
  2.65000000e-01    9.70517852e-01    3.53073402e-02    0.00000000e+00    0.00000000e+00    9.58979285e-01    0.00000000e+00    0.00000000e+00  2.32748638e-01  
  2.70000000e-01    9.57133919e-01    5.16185618e-02    0.00000000e+00    0.00000000e+00    9.40517860e-01    0.00000000e+00    0.00000000e+00  2.27929091e-01  
  2.75000000e-01    9.42892012e-01    6.91765627e-02    0.00000000e+00    0.00000000e+00    9.20985043e-01    0.00000000e+00    0.00000000e+00  2.23178950e-01  
  2.80000000e-01    9.28238032e-01    8.74653709e-02    0.00000000e+00    0.00000000e+00    9.01009547e-01    0.00000000e+00    0.00000000e+00  2.18501160e-01  
  2.85000000e-01    9.13374893e-01    1.06252648e-01    0.00000000e+00    0.00000000e+00    8.80877254e-01    0.00000000e+00    0.00000000e+00  2.13897211e-01  
  2.90000000e-01    8.98420564e-01    1.25403608e-01    0.00000000e+00    0.00000000e+00    8.60753184e-01    0.00000000e+00    0.00000000e+00  2.09367832e-01  
  2.95000000e-01    8.83453425e-01    1.44828016e-01    0.00000000e+00    0.00000000e+00    8.40745531e-01    0.00000000e+00    0.00000000e+00  2.04913277e-01  
  3.00000000e-01    8.68527661e-01    1.64462679e-01    0.00000000e+00    0.00000000e+00    8.20927709e-01    0.00000000e+00    0.00000000e+00  2.00533466e-01  
  3.05000000e-01    8.53681439e-01    1.84262343e-01    0.00000000e+00    0.00000000e+00    8.01350141e-01    0.00000000e+00    0.00000000e+00  1.96228096e-01  
  3.10000000e-01    8.38942060e-01    2.04193924e-01    0.00000000e+00    0.00000000e+00    7.82047689e-01    0.00000000e+00    0.00000000e+00  1.91996696e-01  
  3.15000000e-01    8.24329315e-01    2.24232764e-01    0.00000000e+00    0.00000000e+00    7.63044487e-01    0.00000000e+00    0.00000000e+00  1.87838682e-01  
  3.20000000e-01    8.09857699e-01    2.44360151e-01    0.00000000e+00    0.00000000e+00    7.44357127e-01    0.00000000e+00    0.00000000e+00  1.83753384e-01  
  3.25000000e-01    7.95537899e-01    2.64561654e-01    0.00000000e+00    0.00000000e+00    7.25996797e-01    0.00000000e+00    0.00000000e+00  1.79740067e-01  
  3.30000000e-01    7.81377808e-01    2.84825984e-01    0.00000000e+00    0.00000000e+00    7.07970750e-01    0.00000000e+00    0.00000000e+00  1.75797954e-01  
  3.35000000e-01    7.67383240e-01    3.05144202e-01    0.00000000e+00    0.00000000e+00    6.90283321e-01    0.00000000e+00    0.00000000e+00  1.71926229e-01  
  3.40000000e-01    7.53558429e-01    3.25509160e-01    0.00000000e+00    0.00000000e+00    6.72936657e-01    0.00000000e+00    0.00000000e+00  1.68124055e-01  
  3.45000000e-01    7.39906399e-01    3.45915085e-01    0.00000000e+00    0.00000000e+00    6.55931241e-01    0.00000000e+00    0.00000000e+00  1.64390574e-01  
  3.50000000e-01    7.26429231e-01    3.66357289e-01    0.00000000e+00    0.00000000e+00    6.39266283e-01    0.00000000e+00    0.00000000e+00  1.60724919e-01  
  3.55000000e-01    7.13128267e-01    3.86831936e-01    0.00000000e+00    0.00000000e+00    6.22940006e-01    0.00000000e+00    0.00000000e+00  1.57126210e-01  
  3.60000000e-01    7.00004265e-01    4.07335872e-01    0.00000000e+00    0.00000000e+00    6.06949875e-01    0.00000000e+00    0.00000000e+00  1.53593565e-01  
  3.65000000e-01    6.87057518e-01    4.27866489e-01    0.00000000e+00    0.00000000e+00    5.91292762e-01    0.00000000e+00    0.00000000e+00  1.50126097e-01  
  3.70000000e-01    6.74287946e-01    4.48421628e-01    0.00000000e+00    0.00000000e+00    5.75965081e-01    0.00000000e+00    0.00000000e+00  1.46722922e-01  
  3.75000000e-01    6.61695172e-01    4.68999483e-01    0.00000000e+00    0.00000000e+00    5.60962891e-01    0.00000000e+00    0.00000000e+00  1.43383153e-01  
  3.80000000e-01    6.49278583e-01    4.89598539e-01    0.00000000e+00    0.00000000e+00    5.46281988e-01    0.00000000e+00    0.00000000e+00  1.40105909e-01  
  3.85000000e-01    6.37037380e-01    5.10217506e-01    0.00000000e+00    0.00000000e+00    5.31917968e-01    0.00000000e+00    0.00000000e+00  1.36890309e-01  
  3.90000000e-01    6.24970624e-01    5.30855261e-01    0.00000000e+00    0.00000000e+00    5.17866291e-01    0.00000000e+00    0.00000000e+00  1.33735481e-01  
  3.95000000e-01    6.13077278e-01    5.51510792e-01    0.00000000e+00    0.00000000e+00    5.04122337e-01    0.00000000e+00    0.00000000e+00  1.30640553e-01  
  4.00000000e-01    6.01356249e-01    5.72183132e-01    0.00000000e+00    0.00000000e+00    4.90681456e-01    0.00000000e+00    0.00000000e+00  1.27604662e-01  
  4.05000000e-01    5.89806436e-01    5.92871285e-01    0.00000000e+00    0.00000000e+00    4.77539021e-01    0.00000000e+00    0.00000000e+00  1.24626948e-01  
  4.10000000e-01    5.78426775e-01    6.13574134e-01    0.00000000e+00    0.00000000e+00    4.64690485e-01    0.00000000e+00    0.00000000e+00  1.21706558e-01  
  4.15000000e-01    5.67216300e-01    6.34290318e-01    0.00000000e+00    0.00000000e+00    4.52131451e-01    0.00000000e+00    0.00000000e+00  1.18842643e-01  
  4.20000000e-01    5.56174222e-01    6.55018061e-01    0.00000000e+00    0.00000000e+00    4.39857750e-01    0.00000000e+00    0.00000000e+00  1.16034360e-01  
  4.25000000e-01    5.45300038e-01    6.75754940e-01    0.00000000e+00    0.00000000e+00    4.27865558e-01    0.00000000e+00    0.00000000e+00  1.13280868e-01  
  4.30000000e-01    5.34593680e-01    6.96497541e-01    0.00000000e+00    0.00000000e+00    4.16151537e-01    0.00000000e+00    0.00000000e+00  1.10581329e-01  
  4.35000000e-01    5.24055732e-01    7.17240959e-01    0.00000000e+00    0.00000000e+00    4.04713059e-01    0.00000000e+00    0.00000000e+00  1.07934901e-01  
  4.40000000e-01    5.13687756e-01    7.37978024e-01    0.00000000e+00    0.00000000e+00    3.93548519e-01    0.00000000e+00    0.00000000e+00  1.05340739e-01  
  4.45000000e-01    5.03492803e-01    7.58698081e-01    0.00000000e+00    0.00000000e+00    3.82657840e-01    0.00000000e+00    0.00000000e+00  1.02797986e-01  
  4.50000000e-01    4.93476322e-01    7.79384802e-01    0.00000000e+00    0.00000000e+00    3.72043378e-01    0.00000000e+00    0.00000000e+00  1.00305763e-01  
  4.55000000e-01    4.83648131e-01    8.00011704e-01    0.00000000e+00    0.00000000e+00    3.61711806e-01    0.00000000e+00    0.00000000e+00  9.78631560e-02  
  4.60000000e-01    4.74026276e-01    8.20532083e-01    0.00000000e+00    0.00000000e+00    3.51678402e-01    0.00000000e+00    0.00000000e+00  9.54691803e-02  
  4.65000000e-01    4.64648954e-01    8.40855140e-01    0.00000000e+00    0.00000000e+00    3.41977122e-01    0.00000000e+00    0.00000000e+00  9.31227197e-02  
  4.70000000e-01    4.55593949e-01    8.60790360e-01    0.00000000e+00    0.00000000e+00    3.32683798e-01    0.00000000e+00    0.00000000e+00  9.08223802e-02  
  4.75000000e-01    4.47021001e-01    8.79930959e-01    0.00000000e+00    0.00000000e+00    3.23963869e-01    0.00000000e+00    0.00000000e+00  8.85661696e-02  
  4.80000000e-01    4.39355285e-01    8.97468562e-01    0.00000000e+00    0.00000000e+00    3.16142762e-01    0.00000000e+00    0.00000000e+00  8.63508592e-02  
  4.85000000e-01    4.32756415e-01    9.12107247e-01    0.00000000e+00    0.00000000e+00    3.09739560e-01    0.00000000e+00    0.00000000e+00  8.41710065e-02  
  4.90000000e-01    4.28583328e-01    9.22467198e-01    0.00000000e+00    0.00000000e+00    3.05270884e-01    0.00000000e+00    0.00000000e+00  8.20182341e-02  
  4.95000000e-01    4.26169160e-01    9.28166287e-01    0.00000000e+00    0.00000000e+00    3.02839368e-01    0.00000000e+00    0.00000000e+00  7.98824306e-02  
  5.00000000e-01    4.24846306e-01    9.30349431e-01    0.00000000e+00    0.00000000e+00    3.01915429e-01    0.00000000e+00    0.00000000e+00  7.77546556e-02  
  5.05000000e-01    4.24794580e-01    9.30805049e-01    0.00000000e+00    0.00000000e+00    3.01723036e-01    0.00000000e+00    0.00000000e+00  7.56295411e-02  
  5.10000000e-01    4.24951161e-01    9.30561972e-01    0.00000000e+00    0.00000000e+00    3.01826114e-01    0.00000000e+00    0.00000000e+00  7.35048238e-02  
  5.15000000e-01    4.25318275e-01    9.29897008e-01    0.00000000e+00    0.00000000e+00    3.02108155e-01    0.00000000e+00    0.00000000e+00  7.13790097e-02  
  5.20000000e-01    4.25677408e-01    9.29321039e-01    0.00000000e+00    0.00000000e+00    3.02352463e-01    0.00000000e+00    0.00000000e+00  6.92518420e-02  
  5.25000000e-01    4.25773440e-01    9.28965449e-01    0.00000000e+00    0.00000000e+00    3.02504020e-01    0.00000000e+00    0.00000000e+00  6.71237294e-02  
  5.30000000e-01    4.25768860e-01    9.28726974e-01    0.00000000e+00    0.00000000e+00    3.02606043e-01    0.00000000e+00    0.00000000e+00  6.49949698e-02  
  5.35000000e-01    4.25754894e-01    9.28576750e-01    0.00000000e+00    0.00000000e+00    3.02670869e-01    0.00000000e+00    0.00000000e+00  6.28657779e-02  
  5.40000000e-01    4.25770477e-01    9.28494070e-01    0.00000000e+00    0.00000000e+00    3.02707291e-01    0.00000000e+00    0.00000000e+00  6.07363252e-02  
  5.45000000e-01    4.25843118e-01    9.28442271e-01    0.00000000e+00    0.00000000e+00    3.02729711e-01    0.00000000e+00    0.00000000e+00  5.86067151e-02  
  5.50000000e-01    4.25957239e-01    9.28390012e-01    0.00000000e+00    0.00000000e+00    3.02751848e-01    0.00000000e+00    0.00000000e+00  5.64769893e-02  
  5.55000000e-01    4.26022532e-01    9.28309515e-01    0.00000000e+00    0.00000000e+00    3.02785774e-01    0.00000000e+00    0.00000000e+00  5.43471061e-02  
  5.60000000e-01    4.26036811e-01    9.28202806e-01    0.00000000e+00    0.00000000e+00    3.02830832e-01    0.00000000e+00    0.00000000e+00  5.22169724e-02  
  5.65000000e-01    4.26028461e-01    9.28103393e-01    0.00000000e+00    0.00000000e+00    3.02873104e-01    0.00000000e+00    0.00000000e+00  5.00865741e-02  
  5.70000000e-01    4.26011953e-01    9.28024453e-01    0.00000000e+00    0.00000000e+00    3.02907401e-01    0.00000000e+00    0.00000000e+00  4.79559829e-02  
  5.75000000e-01    4.26014325e-01    9.27958073e-01    0.00000000e+00    0.00000000e+00    3.02936932e-01    0.00000000e+00    0.00000000e+00  4.58252413e-02  
  5.80000000e-01    4.26042342e-01    9.27896320e-01    0.00000000e+00    0.00000000e+00    3.02964660e-01    0.00000000e+00    0.00000000e+00  4.36942605e-02  
  5.85000000e-01    4.26111467e-01    9.27836564e-01    0.00000000e+00    0.00000000e+00    3.02991360e-01    0.00000000e+00    0.00000000e+00  4.15629089e-02  
  5.90000000e-01    4.26160699e-01    9.27780476e-01    0.00000000e+00    0.00000000e+00    3.03016101e-01    0.00000000e+00    0.00000000e+00  3.94313221e-02  
  5.95000000e-01    4.26160389e-01    9.27731654e-01    0.00000000e+00    0.00000000e+00    3.03037423e-01    0.00000000e+00    0.00000000e+00  3.72999770e-02  
  6.00000000e-01    4.26142295e-01    9.27692133e-01    0.00000000e+00    0.00000000e+00    3.03054507e-01    0.00000000e+00    0.00000000e+00  3.51689990e-02  
  6.05000000e-01    4.26098871e-01    9.27662389e-01    0.00000000e+00    0.00000000e+00    3.03067793e-01    0.00000000e+00    0.00000000e+00  3.30372607e-02  
  6.10000000e-01    4.26040444e-01    9.27642073e-01    0.00000000e+00    0.00000000e+00    3.03077913e-01    0.00000000e+00    0.00000000e+00  3.09030780e-02  
  6.15000000e-01    4.25985978e-01    9.27628500e-01    0.00000000e+00    0.00000000e+00    3.03084393e-01    0.00000000e+00    0.00000000e+00  2.87672063e-02  
  6.20000000e-01    4.25931014e-01    9.27623257e-01    0.00000000e+00    0.00000000e+00    3.03089160e-01    0.00000000e+00    0.00000000e+00  2.66348398e-02  
  6.25000000e-01    4.25851765e-01    9.27621806e-01    0.00000000e+00    0.00000000e+00    3.03092114e-01    0.00000000e+00    0.00000000e+00  2.45112242e-02  
  6.30000000e-01    4.25706883e-01    9.27619506e-01    0.00000000e+00    0.00000000e+00    3.03093334e-01    0.00000000e+00    0.00000000e+00  2.23911437e-02  
  6.35000000e-01    4.25433312e-01    9.27615600e-01    0.00000000e+00    0.00000000e+00    3.03093756e-01    0.00000000e+00    0.00000000e+00  2.02535614e-02  
  6.40000000e-01    4.25003940e-01    9.27611274e-01    0.00000000e+00    0.00000000e+00    3.03094392e-01    0.00000000e+00    0.00000000e+00  1.80765145e-02  
  6.45000000e-01    4.24752242e-01    9.27604641e-01    0.00000000e+00    0.00000000e+00    3.03096664e-01    0.00000000e+00    0.00000000e+00  1.58717551e-02  
  6.50000000e-01    4.24754802e-01    9.27579662e-01    0.00000000e+00    0.00000000e+00    3.03108189e-01    0.00000000e+00    0.00000000e+00  1.37105002e-02  
  6.55000000e-01    4.24869884e-01    9.27534285e-01    0.00000000e+00    0.00000000e+00    3.03128165e-01    0.00000000e+00    0.00000000e+00  1.16985646e-02  
  6.60000000e-01    4.25220598e-01    9.27522185e-01    0.00000000e+00    0.00000000e+00    3.03142630e-01    0.00000000e+00    0.00000000e+00  9.88467526e-03  
  6.65000000e-01    4.25954035e-01    9.27535545e-01    0.00000000e+00    0.00000000e+00    3.03139184e-01    0.00000000e+00    0.00000000e+00  8.14063996e-03  
  6.70000000e-01    4.26939808e-01    9.27563116e-01    0.00000000e+00    0.00000000e+00    3.03129947e-01    0.00000000e+00    0.00000000e+00  6.09559892e-03  
  6.75000000e-01    4.27348031e-01    9.27573197e-01    0.00000000e+00    0.00000000e+00    3.03126815e-01    0.00000000e+00    0.00000000e+00  3.19222192e-03  
  6.80000000e-01    2.64516287e-01    9.27576353e-01    0.00000000e+00    0.00000000e+00    3.03126826e-01    0.00000000e+00    1.00000000e+00 -1.13731744e-03  
  6.85000000e-01    2.63455614e-01    9.27581224e-01    0.00000000e+00    0.00000000e+00    3.03126457e-01    0.00000000e+00    1.00000000e+00 -7.25775525e-03  
  6.90000000e-01    2.62718017e-01    9.27587840e-01    0.00000000e+00    0.00000000e+00    3.03125655e-01    0.00000000e+00    1.00000000e+00 -1.51919462e-02  
  6.95000000e-01    2.62489466e-01    9.27596189e-01    0.00000000e+00    0.00000000e+00    3.03125202e-01    0.00000000e+00    1.00000000e+00 -2.46269817e-02  
  7.00000000e-01    2.62471941e-01    9.27605724e-01    0.00000000e+00    0.00000000e+00    3.03125347e-01    0.00000000e+00    1.00000000e+00 -3.50515987e-02  
  7.05000000e-01    2.62525404e-01    9.27614433e-01    0.00000000e+00    0.00000000e+00    3.03126261e-01    0.00000000e+00    1.00000000e+00 -4.59440164e-02  
  7.10000000e-01    2.62705789e-01    9.27617744e-01    0.00000000e+00    0.00000000e+00    3.03126729e-01    0.00000000e+00    1.00000000e+00 -5.69181866e-02  
  7.15000000e-01    2.63089212e-01    9.27614287e-01    0.00000000e+00    0.00000000e+00    3.03127209e-01    0.00000000e+00    1.00000000e+00 -6.77776815e-02  
  7.20000000e-01    2.63697638e-01    9.27606447e-01    0.00000000e+00    0.00000000e+00    3.03128066e-01    0.00000000e+00    1.00000000e+00 -7.84844105e-02  
  7.25000000e-01    2.64399154e-01    9.27593001e-01    0.00000000e+00    0.00000000e+00    3.03129496e-01    0.00000000e+00    1.00000000e+00 -8.90858701e-02  
  7.30000000e-01    2.64891770e-01    9.27576604e-01    0.00000000e+00    0.00000000e+00    3.03131808e-01    0.00000000e+00    1.00000000e+00 -9.96469422e-02  
  7.35000000e-01    2.65136607e-01    9.27561725e-01    0.00000000e+00    0.00000000e+00    3.03135651e-01    0.00000000e+00    1.00000000e+00 -1.10211683e-01  
  7.40000000e-01    2.65266604e-01    9.27550057e-01    0.00000000e+00    0.00000000e+00    3.03140634e-01    0.00000000e+00    1.00000000e+00 -1.20795760e-01  
  7.45000000e-01    2.65349195e-01    9.27545104e-01    0.00000000e+00    0.00000000e+00    3.03147514e-01    0.00000000e+00    1.00000000e+00 -1.31396656e-01  
  7.50000000e-01    2.65409823e-01    9.27547128e-01    0.00000000e+00    0.00000000e+00    3.03155053e-01    0.00000000e+00    1.00000000e+00 -1.42006801e-01  
  7.55000000e-01    2.65456143e-01    9.27553166e-01    0.00000000e+00    0.00000000e+00    3.03162144e-01    0.00000000e+00    1.00000000e+00 -1.52621436e-01  
  7.60000000e-01    2.65490299e-01    9.27565331e-01    0.00000000e+00    0.00000000e+00    3.03168048e-01    0.00000000e+00    1.00000000e+00 -1.63239326e-01  
  7.65000000e-01    2.65509539e-01    9.27579728e-01    0.00000000e+00    0.00000000e+00    3.03172312e-01    0.00000000e+00    1.00000000e+00 -1.73860642e-01  
  7.70000000e-01    2.65515154e-01    9.27587722e-01    0.00000000e+00    0.00000000e+00    3.03172849e-01    0.00000000e+00    1.00000000e+00 -1.84484254e-01  
  7.75000000e-01    2.65515041e-01    9.27597428e-01    0.00000000e+00    0.00000000e+00    3.03170827e-01    0.00000000e+00    1.00000000e+00 -1.95108395e-01  
  7.80000000e-01    2.65514294e-01    9.27605164e-01    0.00000000e+00    0.00000000e+00    3.03167610e-01    0.00000000e+00    1.00000000e+00 -2.05731010e-01  
  7.85000000e-01    2.65510350e-01    9.27598051e-01    0.00000000e+00    0.00000000e+00    3.03159614e-01    0.00000000e+00    1.00000000e+00 -2.16352212e-01  
  7.90000000e-01    2.65505969e-01    9.27594470e-01    0.00000000e+00    0.00000000e+00    3.03151789e-01    0.00000000e+00    1.00000000e+00 -2.26971620e-01  
  7.95000000e-01    2.65491178e-01    9.27512159e-01    0.00000000e+00    0.00000000e+00    3.03121582e-01    0.00000000e+00    1.00000000e+00 -2.37590943e-01  
  8.00000000e-01    2.65485824e-01    9.27466338e-01    0.00000000e+00    0.00000000e+00    3.03105345e-01    0.00000000e+00    1.00000000e+00 -2.48208606e-01  
  8.05000000e-01    2.65419729e-01    9.27102383e-01    0.00000000e+00    0.00000000e+00    3.02977935e-01    0.00000000e+00    1.00000000e+00 -2.58825902e-01  
  8.10000000e-01    2.65393511e-01    9.26883960e-01    0.00000000e+00    0.00000000e+00    3.02919418e-01    0.00000000e+00    1.00000000e+00 -2.69438021e-01  
  8.15000000e-01    2.65094821e-01    9.25401395e-01    0.00000000e+00    0.00000000e+00    3.02411083e-01    0.00000000e+00    1.00000000e+00 -2.80045008e-01  
  8.20000000e-01    2.64938220e-01    9.24599253e-01    0.00000000e+00    0.00000000e+00    3.02152174e-01    0.00000000e+00    1.00000000e+00 -2.90634283e-01  
  8.25000000e-01    2.63716686e-01    9.18541338e-01    0.00000000e+00    0.00000000e+00    3.00175378e-01    0.00000000e+00    1.00000000e+00 -3.01193824e-01  
  8.30000000e-01    2.63032333e-01    9.15784109e-01    0.00000000e+00    0.00000000e+00    2.99114208e-01    0.00000000e+00    1.00000000e+00 -3.11692453e-01  
  8.35000000e-01    2.58177889e-01    8.90828973e-01    0.00000000e+00    0.00000000e+00    2.91332395e-01    0.00000000e+00    1.00000000e+00 -3.22053681e-01  
  8.40000000e-01    2.55095244e-01    8.77678146e-01    0.00000000e+00    0.00000000e+00    2.86420172e-01    0.00000000e+00    1.00000000e+00 -3.32198806e-01  
  8.45000000e-01    2.35769816e-01    7.75429530e-01    0.00000000e+00    0.00000000e+00    2.56080736e-01    0.00000000e+00    1.00000000e+00 -3.41787957e-01  
  8.50000000e-01    2.16206600e-01    6.67177309e-01    0.00000000e+00    0.00000000e+00    2.25927241e-01    0.00000000e+00    1.00000000e+00 -3.50522441e-01  
  8.55000000e-01    1.51027368e-01    2.20283415e-01    0.00000000e+00    0.00000000e+00    1.32597763e-01    0.00000000e+00    1.00000000e+00 -3.57197228e-01  
  8.60000000e-01    1.28175156e-01    2.72418900e-02    0.00000000e+00    0.00000000e+00    1.03643381e-01    0.00000000e+00    1.00000000e+00 -3.62473844e-01  
  8.65000000e-01    1.25309053e-01    2.62020070e-03    0.00000000e+00    0.00000000e+00    1.00346961e-01    0.00000000e+00    1.00000000e+00 -3.67497293e-01  
  8.70000000e-01    1.25031077e-01    2.63152054e-04    0.00000000e+00    0.00000000e+00    1.00034815e-01    0.00000000e+00    1.00000000e+00 -3.72499731e-01  
  8.75000000e-01    1.25003084e-01    2.61118779e-05    0.00000000e+00    0.00000000e+00    1.00003454e-01    0.00000000e+00    1.00000000e+00 -3.77499973e-01  
  8.80000000e-01    1.25000307e-01    2.59681998e-06    0.00000000e+00    0.00000000e+00    1.00000344e-01    0.00000000e+00    1.00000000e+00 -3.82499997e-01  
  8.85000000e-01    1.25000031e-01    2.59623170e-07    0.00000000e+00    0.00000000e+00    1.00000034e-01    0.00000000e+00    1.00000000e+00 -3.87500000e-01  
  8.90000000e-01    1.25000003e-01    2.59862770e-08    0.00000000e+00    0.00000000e+00    1.00000004e-01    0.00000000e+00    1.00000000e+00 -3.92500000e-01  
  8.95000000e-01    1.25000001e-01    5.37688815e-09    0.00000000e+00    0.00000000e+00    1.00000001e-01    0.00000000e+00    1.00000000e+00 -3.97500000e-01  
  9.00000000e-01    1.25000000e-01    1.75092718e-09    0.00000000e+00    0.00000000e+00    1.00000000e-01    0.00000000e+00    1.00000000e+00 -4.02500000e-01  
  9.05000000e-01    1.25000000e-01    6.37737732e-10    0.00000000e+00    0.00000000e+00    1.00000000e-01    0.00000000e+00    1.00000000e+00 -4.07500000e-01  
  9.10000000e-01    1.25000000e-01    2.32369781e-10    0.00000000e+00    0.00000000e+00    1.00000000e-01    0.00000000e+00    1.00000000e+00 -4.12500000e-01  
  9.15000000e-01    1.25000000e-01    8.35300335e-11    0.00000000e+00    0.00000000e+00    1.00000000e-01    0.00000000e+00    1.00000000e+00 -4.17500000e-01  
  9.20000000e-01    1.25000000e-01    3.00021833e-11    0.00000000e+00    0.00000000e+00    1.00000000e-01    0.00000000e+00    1.00000000e+00 -4.22500000e-01  
  9.25000000e-01    1.25000000e-01    1.07664022e-11    0.00000000e+00    0.00000000e+00    1.00000000e-01    0.00000000e+00    1.00000000e+00 -4.27500000e-01  
  9.30000000e-01    1.25000000e-01    3.86696336e-12    0.00000000e+00    0.00000000e+00    1.00000000e-01    0.00000000e+00    1.00000000e+00 -4.32500000e-01  
  9.35000000e-01    1.25000000e-01    1.38856482e-12    0.00000000e+00    0.00000000e+00    1.00000000e-01    0.00000000e+00    1.00000000e+00 -4.37500000e-01  
  9.40000000e-01    1.25000000e-01    4.97967891e-13    0.00000000e+00    0.00000000e+00    1.00000000e-01    0.00000000e+00    1.00000000e+00 -4.42500000e-01  
  9.45000000e-01    1.25000000e-01    1.78297421e-13    0.00000000e+00    0.00000000e+00    1.00000000e-01    0.00000000e+00    1.00000000e+00 -4.47500000e-01  
  9.50000000e-01    1.25000000e-01    6.36125421e-14    0.00000000e+00    0.00000000e+00    1.00000000e-01    0.00000000e+00    1.00000000e+00 -4.52500000e-01  
  9.55000000e-01    1.25000000e-01    2.26465876e-14    0.00000000e+00    0.00000000e+00    1.00000000e-01    0.00000000e+00    1.00000000e+00 -4.57500000e-01  
  9.60000000e-01    1.25000000e-01    7.99126128e-15    0.00000000e+00    0.00000000e+00    1.00000000e-01    0.00000000e+00    1.00000000e+00 -4.62500000e-01  
  9.65000000e-01    1.25000000e-01    2.81109220e-15    0.00000000e+00    0.00000000e+00    1.00000000e-01    0.00000000e+00    1.00000000e+00 -4.67500000e-01  
  9.70000000e-01    1.25000000e-01    9.47612042e-16    0.00000000e+00    0.00000000e+00    1.00000000e-01    0.00000000e+00    1.00000000e+00 -4.72500000e-01  
  9.75000000e-01    1.25000000e-01    3.79008390e-16    0.00000000e+00    0.00000000e+00    1.00000000e-01    0.00000000e+00    1.00000000e+00 -4.77500000e-01  
  9.80000000e-01    1.25000000e-01    1.26400362e-16    0.00000000e+00    0.00000000e+00    1.00000000e-01    0.00000000e+00    1.00000000e+00 -4.82500000e-01  
  9.85000000e-01    1.25000000e-01    0.00000000e+00    0.00000000e+00    0.00000000e+00    1.00000000e-01    0.00000000e+00    1.00000000e+00 -4.87500000e-01  
  9.90000000e-01    1.25000000e-01    0.00000000e+00    0.00000000e+00    0.00000000e+00    1.00000000e-01    0.00000000e+00    1.00000000e+00 -4.92500000e-01  
  9.95000000e-01    1.25000000e-01    0.00000000e+00    0.00000000e+00    0.00000000e+00    1.00000000e-01    0.00000000e+00    1.00000000e+00 -4.97500000e-01  
