## Line: (2.500000e-03, 0.000000e+00, 0.000000e+00) -> (9.975000e-01, 0.000000e+00, 0.000000e+00)
## Number of points: 200 (h = 5.000000e-03)
## Time: 0.000000e+00, Time step: 0.
## Coordinate  |  Density  |  Velocity (Vx,Vy,Vz)  |  Pressure  |  Temperature  |  Material ID  |  LevelSet(s)
  0.00000000e+00    1.00000000e+00    0.00000000e+00    0.00000000e+00    0.00000000e+00    1.00000000e+00    0.00000000e+00    0.00000000e+00  4.97500000e-01  
  5.00000000e-03    1.00000000e+00    0.00000000e+00    0.00000000e+00    0.00000000e+00    1.00000000e+00    0.00000000e+00    0.00000000e+00  4.92500000e-01  
  1.00000000e-02    1.00000000e+00    0.00000000e+00    0.00000000e+00    0.00000000e+00    1.00000000e+00    0.00000000e+00    0.00000000e+00  4.87500000e-01  
  1.50000000e-02    1.00000000e+00    0.00000000e+00    0.00000000e+00    0.00000000e+00    1.00000000e+00    0.00000000e+00    0.00000000e+00  4.82500000e-01  
  2.00000000e-02    1.00000000e+00    0.00000000e+00    0.00000000e+00    0.00000000e+00    1.00000000e+00    0.00000000e+00    0.00000000e+00  4.77500000e-01  
  2.50000000e-02    1.00000000e+00    0.00000000e+00    0.00000000e+00    0.00000000e+00    1.00000000e+00    0.00000000e+00    0.00000000e+00  4.72500000e-01  
  3.00000000e-02    1.00000000e+00    0.00000000e+00    0.00000000e+00    0.00000000e+00    1.00000000e+00    0.00000000e+00    0.00000000e+00  4.67500000e-01  
  3.50000000e-02    1.00000000e+00    0.00000000e+00    0.00000000e+00    0.00000000e+00    1.00000000e+00    0.00000000e+00    0.00000000e+00  4.62500000e-01  
  4.00000000e-02    1.00000000e+00    0.00000000e+00    0.00000000e+00    0.00000000e+00    1.00000000e+00    0.00000000e+00    0.00000000e+00  4.57500000e-01  
  4.50000000e-02    1.00000000e+00    0.00000000e+00    0.00000000e+00    0.00000000e+00    1.00000000e+00    0.00000000e+00    0.00000000e+00  4.52500000e-01  
  5.00000000e-02    1.00000000e+00    0.00000000e+00    0.00000000e+00    0.00000000e+00    1.00000000e+00    0.00000000e+00    0.00000000e+00  4.47500000e-01  
  5.50000000e-02    1.00000000e+00    0.00000000e+00    0.00000000e+00    0.00000000e+00    1.00000000e+00    0.00000000e+00    0.00000000e+00  4.42500000e-01  
  6.00000000e-02    1.00000000e+00    0.00000000e+00    0.00000000e+00    0.00000000e+00    1.00000000e+00    0.00000000e+00    0.00000000e+00  4.37500000e-01  
  6.50000000e-02    1.00000000e+00    0.00000000e+00    0.00000000e+00    0.00000000e+00    1.00000000e+00    0.00000000e+00    0.00000000e+00  4.32500000e-01  
  7.00000000e-02    1.00000000e+00    0.00000000e+00    0.00000000e+00    0.00000000e+00    1.00000000e+00    0.00000000e+00    0.00000000e+00  4.27500000e-01  
  7.50000000e-02    1.00000000e+00    0.00000000e+00    0.00000000e+00    0.00000000e+00    1.00000000e+00    0.00000000e+00    0.00000000e+00  4.22500000e-01  
  8.00000000e-02    1.00000000e+00    0.00000000e+00    0.00000000e+00    0.00000000e+00    1.00000000e+00    0.00000000e+00    0.00000000e+00  4.17500000e-01  
  8.50000000e-02    1.00000000e+00    0.00000000e+00    0.00000000e+00    0.00000000e+00    1.00000000e+00    0.00000000e+00    0.00000000e+00  4.12500000e-01  
  9.00000000e-02    1.00000000e+00    0.00000000e+00    0.00000000e+00    0.00000000e+00    1.00000000e+00    0.00000000e+00    0.00000000e+00  4.07500000e-01  
  9.50000000e-02    1.00000000e+00    0.00000000e+00    0.00000000e+00    0.00000000e+00    1.00000000e+00    0.00000000e+00    0.00000000e+00  4.02500000e-01  
  1.00000000e-01    1.00000000e+00    0.00000000e+00    0.00000000e+00    0.00000000e+00    1.00000000e+00    0.00000000e+00    0.00000000e+00  3.97500000e-01  
  1.05000000e-01    1.00000000e+00    0.00000000e+00    0.00000000e+00    0.00000000e+00    1.00000000e+00    0.00000000e+00    0.00000000e+00  3.92500000e-01  
  1.10000000e-01    1.00000000e+00    0.00000000e+00    0.00000000e+00    0.00000000e+00    1.00000000e+00    0.00000000e+00    0.00000000e+00  3.87500000e-01  
  1.15000000e-01    1.00000000e+00    0.00000000e+00    0.00000000e+00    0.00000000e+00    1.00000000e+00    0.00000000e+00    0.00000000e+00  3.82500000e-01  
  1.20000000e-01    1.00000000e+00    0.00000000e+00    0.00000000e+00    0.00000000e+00    1.00000000e+00    0.00000000e+00    0.00000000e+00  3.77500000e-01  
  1.25000000e-01    1.00000000e+00    0.00000000e+00    0.00000000e+00    0.00000000e+00    1.00000000e+00    0.00000000e+00    0.00000000e+00  3.72500000e-01  
  1.30000000e-01    1.00000000e+00    0.00000000e+00    0.00000000e+00    0.00000000e+00    1.00000000e+00    0.00000000e+00    0.00000000e+00  3.67500000e-01  
  1.35000000e-01    1.00000000e+00    0.00000000e+00    0.00000000e+00    0.00000000e+00    1.00000000e+00    0.00000000e+00    0.00000000e+00  3.62500000e-01  
  1.40000000e-01    1.00000000e+00    0.00000000e+00    0.00000000e+00    0.00000000e+00    1.00000000e+00    0.00000000e+00    0.00000000e+00  3.57500000e-01  
  1.45000000e-01    1.00000000e+00    0.00000000e+00    0.00000000e+00    0.00000000e+00    1.00000000e+00    0.00000000e+00    0.00000000e+00  3.52500000e-01  
  1.50000000e-01    1.00000000e+00    0.00000000e+00    0.00000000e+00    0.00000000e+00    1.00000000e+00    0.00000000e+00    0.00000000e+00  3.47500000e-01  
  1.55000000e-01    1.00000000e+00    0.00000000e+00    0.00000000e+00    0.00000000e+00    1.00000000e+00    0.00000000e+00    0.00000000e+00  3.42500000e-01  
  1.60000000e-01    1.00000000e+00    0.00000000e+00    0.00000000e+00    0.00000000e+00    1.00000000e+00    0.00000000e+00    0.00000000e+00  3.37500000e-01  
  1.65000000e-01    1.00000000e+00    0.00000000e+00    0.00000000e+00    0.00000000e+00    1.00000000e+00    0.00000000e+00    0.00000000e+00  3.32500000e-01  
  1.70000000e-01    1.00000000e+00    0.00000000e+00    0.00000000e+00    0.00000000e+00    1.00000000e+00    0.00000000e+00    0.00000000e+00  3.27500000e-01  
  1.75000000e-01    1.00000000e+00    0.00000000e+00    0.00000000e+00    0.00000000e+00    1.00000000e+00    0.00000000e+00    0.00000000e+00  3.22500000e-01  
  1.80000000e-01    1.00000000e+00    0.00000000e+00    0.00000000e+00    0.00000000e+00    1.00000000e+00    0.00000000e+00    0.00000000e+00  3.17500000e-01  
  1.85000000e-01    1.00000000e+00    0.00000000e+00    0.00000000e+00    0.00000000e+00    1.00000000e+00    0.00000000e+00    0.00000000e+00  3.12500000e-01  
  1.90000000e-01    1.00000000e+00    2.88311438e-17    0.00000000e+00    0.00000000e+00    1.00000000e+00    0.00000000e+00    0.00000000e+00  3.07500000e-01  
  1.95000000e-01    1.00000000e+00    2.07191991e-16    0.00000000e+00    0.00000000e+00    1.00000000e+00    0.00000000e+00    0.00000000e+00  3.02500000e-01  
  2.00000000e-01    1.00000000e+00    5.14305120e-16    0.00000000e+00    0.00000000e+00    1.00000000e+00    0.00000000e+00    0.00000000e+00  2.97500000e-01  
  2.05000000e-01    1.00000000e+00    1.41684496e-15    0.00000000e+00    0.00000000e+00    1.00000000e+00    0.00000000e+00    0.00000000e+00  2.92500000e-01  
  2.10000000e-01    1.00000000e+00    3.97492748e-15    0.00000000e+00    0.00000000e+00    1.00000000e+00    0.00000000e+00    0.00000000e+00  2.87500000e-01  
  2.15000000e-01    1.00000000e+00    1.12328056e-14    0.00000000e+00    0.00000000e+00    1.00000000e+00    0.00000000e+00    0.00000000e+00  2.82500000e-01  
  2.20000000e-01    1.00000000e+00    3.01908692e-14    0.00000000e+00    0.00000000e+00    1.00000000e+00    0.00000000e+00    0.00000000e+00  2.77500000e-01  
  2.25000000e-01    1.00000000e+00    7.80510167e-14    0.00000000e+00    0.00000000e+00    1.00000000e+00    0.00000000e+00    0.00000000e+00  2.72500000e-01  
  2.30000000e-01    1.00000000e+00    1.95987576e-13    0.00000000e+00    0.00000000e+00    1.00000000e+00    0.00000000e+00    0.00000000e+00  2.67500000e-01  
  2.35000000e-01    1.00000000e+00    4.77875354e-13    0.00000000e+00    0.00000000e+00    1.00000000e+00    0.00000000e+00    0.00000000e+00  2.62500000e-01  
  2.40000000e-01    1.00000000e+00    1.13089338e-12    0.00000000e+00    0.00000000e+00    1.00000000e+00    0.00000000e+00    0.00000000e+00  2.57500000e-01  
  2.45000000e-01    1.00000000e+00    2.59917716e-12    0.00000000e+00    0.00000000e+00    1.00000000e+00    0.00000000e+00    0.00000000e+00  2.52500000e-01  
  2.50000000e-01    1.00000000e+00    5.80220730e-12    0.00000000e+00    0.00000000e+00    1.00000000e+00    0.00000000e+00    0.00000000e+00  2.47500000e-01  
  2.55000000e-01    1.00000000e+00    1.25794251e-11    0.00000000e+00    0.00000000e+00    1.00000000e+00    0.00000000e+00    0.00000000e+00  2.42500000e-01  
  2.60000000e-01    1.00000000e+00    2.64859194e-11    0.00000000e+00    0.00000000e+00    1.00000000e+00    0.00000000e+00    0.00000000e+00  2.37500000e-01  
  2.65000000e-01    1.00000000e+00    5.41460186e-11    0.00000000e+00    0.00000000e+00    1.00000000e+00    0.00000000e+00    0.00000000e+00  2.32500000e-01  
  2.70000000e-01    1.00000000e+00    1.07440978e-10    0.00000000e+00    0.00000000e+00    1.00000000e+00    0.00000000e+00    0.00000000e+00  2.27500000e-01  
  2.75000000e-01    1.00000000e+00    2.06812222e-10    0.00000000e+00    0.00000000e+00    1.00000000e+00    0.00000000e+00    0.00000000e+00  2.22500000e-01  
  2.80000000e-01    1.00000000e+00    3.85843839e-10    0.00000000e+00    0.00000000e+00    1.00000000e+00    0.00000000e+00    0.00000000e+00  2.17500000e-01  
  2.85000000e-01    9.99999999e-01    6.97033028e-10    0.00000000e+00    0.00000000e+00    9.99999999e-01    0.00000000e+00    0.00000000e+00  2.12500000e-01  
  2.90000000e-01    9.99999999e-01    1.21667090e-09    0.00000000e+00    0.00000000e+00    9.99999999e-01    0.00000000e+00    0.00000000e+00  2.07500000e-01  
  2.95000000e-01    9.99999998e-01    2.04720191e-09    0.00000000e+00    0.00000000e+00    9.99999998e-01    0.00000000e+00    0.00000000e+00  2.02500000e-01  
  3.00000000e-01    9.99999997e-01    3.33693208e-09    0.00000000e+00    0.00000000e+00    9.99999996e-01    0.00000000e+00    0.00000000e+00  1.97500000e-01  
  3.05000000e-01    9.99999996e-01    5.26723914e-09    0.00000000e+00    0.00000000e+00    9.99999994e-01    0.00000000e+00    0.00000000e+00  1.92500000e-01  
  3.10000000e-01    9.99999992e-01    1.04594028e-08    0.00000000e+00    0.00000000e+00    9.99999988e-01    0.00000000e+00    0.00000000e+00  1.87500000e-01  
  3.15000000e-01    9.99999967e-01    3.86658100e-08    0.00000000e+00    0.00000000e+00    9.99999954e-01    0.00000000e+00    0.00000000e+00  1.82500000e-01  
  3.20000000e-01    9.99999873e-01    1.50737696e-07    0.00000000e+00    0.00000000e+00    9.99999822e-01    0.00000000e+00    0.00000000e+00  1.77500000e-01  
  3.25000000e-01    9.99999531e-01    5.55476573e-07    0.00000000e+00    0.00000000e+00    9.99999343e-01    0.00000000e+00    0.00000000e+00  1.72500002e-01  
  3.30000000e-01    9.99998349e-01    1.95353636e-06    0.00000000e+00    0.00000000e+00    9.99997689e-01    0.00000000e+00    0.00000000e+00  1.67500006e-01  
  3.35000000e-01    9.99994431e-01    6.58980669e-06    0.00000000e+00    0.00000000e+00    9.99992203e-01    0.00000000e+00    0.00000000e+00  1.62500020e-01  
  3.40000000e-01    9.99981964e-01    2.13403457e-05    0.00000000e+00    0.00000000e+00    9.99974750e-01    0.00000000e+00    0.00000000e+00  1.57500068e-01  
  3.45000000e-01    9.99944005e-01    6.62558677e-05    0.00000000e+00    0.00000000e+00    9.99921608e-01    0.00000000e+00    0.00000000e+00  1.52500222e-01  
  3.50000000e-01    9.99833740e-01    1.96733502e-04    0.00000000e+00    0.00000000e+00    9.99767247e-01    0.00000000e+00    0.00000000e+00  1.47500692e-01  
  3.55000000e-01    9.99529435e-01    5.56879579e-04    0.00000000e+00    0.00000000e+00    9.99341291e-01    0.00000000e+00    0.00000000e+00  1.42502070e-01  
  3.60000000e-01    9.98735696e-01    1.49667851e-03    0.00000000e+00    0.00000000e+00    9.98230545e-01    0.00000000e+00    0.00000000e+00  1.37505905e-01  
  3.65000000e-01    9.96791595e-01    3.80107449e-03    0.00000000e+00    0.00000000e+00    9.95511763e-01    0.00000000e+00    0.00000000e+00  1.32516007e-01  
  3.70000000e-01    9.92356439e-01    9.07200127e-03    0.00000000e+00    0.00000000e+00    9.89318290e-01    0.00000000e+00    0.00000000e+00  1.27541040e-01  
  3.75000000e-01    9.83117327e-01    2.01146848e-02    0.00000000e+00    0.00000000e+00    9.76454797e-01    0.00000000e+00    0.00000000e+00  1.22598854e-01  
  3.80000000e-01    9.66687821e-01    3.99615315e-02    0.00000000e+00    0.00000000e+00    9.53702115e-01    0.00000000e+00    0.00000000e+00  1.17720268e-01  
  3.85000000e-01    9.43608447e-01    6.83000746e-02    0.00000000e+00    0.00000000e+00    9.21994896e-01    0.00000000e+00    0.00000000e+00  1.12942084e-01  
  3.90000000e-01    9.16968092e-01    1.01703838e-01    0.00000000e+00    0.00000000e+00    8.85770524e-01    0.00000000e+00    0.00000000e+00  1.08289978e-01  
  3.95000000e-01    8.88990504e-01    1.37629309e-01    0.00000000e+00    0.00000000e+00    8.48174153e-01    0.00000000e+00    0.00000000e+00  1.03775130e-01  
  4.00000000e-01    8.60626961e-01    1.74986053e-01    0.00000000e+00    0.00000000e+00    8.10537759e-01    0.00000000e+00    0.00000000e+00  9.94013656e-02  
  4.05000000e-01    8.32306005e-01    2.13282975e-01    0.00000000e+00    0.00000000e+00    7.73448955e-01    0.00000000e+00    0.00000000e+00  9.51694158e-02  
  4.10000000e-01    8.04265910e-01    2.52241585e-01    0.00000000e+00    0.00000000e+00    7.37221440e-01    0.00000000e+00    0.00000000e+00  9.10784282e-02  
  4.15000000e-01    7.76651984e-01    2.91685350e-01    0.00000000e+00    0.00000000e+00    7.02034505e-01    0.00000000e+00    0.00000000e+00  8.71266121e-02  
  4.20000000e-01    7.49554666e-01    3.31497765e-01    0.00000000e+00    0.00000000e+00    6.67988626e-01    0.00000000e+00    0.00000000e+00  8.33115967e-02  
  4.25000000e-01    7.23030262e-01    3.71600122e-01    0.00000000e+00    0.00000000e+00    6.35135764e-01    0.00000000e+00    0.00000000e+00  7.96306495e-02  
  4.30000000e-01    6.97113128e-01    4.11938219e-01    0.00000000e+00    0.00000000e+00    6.03497177e-01    0.00000000e+00    0.00000000e+00  7.60808138e-02  
  4.35000000e-01    6.71823192e-01    4.52474227e-01    0.00000000e+00    0.00000000e+00    5.73074361e-01    0.00000000e+00    0.00000000e+00  7.26589992e-02  
  4.40000000e-01    6.47170779e-01    4.93181372e-01    0.00000000e+00    0.00000000e+00    5.43856021e-01    0.00000000e+00    0.00000000e+00  6.93620405e-02  
  4.45000000e-01    6.23159930e-01    5.34040090e-01    0.00000000e+00    0.00000000e+00    5.15822797e-01    0.00000000e+00    0.00000000e+00  6.61867367e-02  
  4.50000000e-01    5.99791080e-01    5.75034628e-01    0.00000000e+00    0.00000000e+00    4.88950821e-01    0.00000000e+00    0.00000000e+00  6.31298777e-02  
  4.55000000e-01    5.77063507e-01    6.16148987e-01    0.00000000e+00    0.00000000e+00    4.63214962e-01    0.00000000e+00    0.00000000e+00  6.01882515e-02  
  4.60000000e-01    5.54979227e-01    6.57360270e-01    0.00000000e+00    0.00000000e+00    4.38592789e-01    0.00000000e+00    0.00000000e+00  5.73586437e-02  
  4.65000000e-01    5.33548178e-01    6.98625341e-01    0.00000000e+00    0.00000000e+00    4.15071237e-01    0.00000000e+00    0.00000000e+00  5.46378155e-02  
  4.70000000e-01    5.12803143e-01    7.39849459e-01    0.00000000e+00    0.00000000e+00    3.92660412e-01    0.00000000e+00    0.00000000e+00  5.20224147e-02  
  4.75000000e-01    4.92848819e-01    7.80808869e-01    0.00000000e+00    0.00000000e+00    3.71426736e-01    0.00000000e+00    0.00000000e+00  4.95087967e-02  
  4.80000000e-01    4.73810638e-01    8.20956110e-01    0.00000000e+00    0.00000000e+00    3.51571713e-01    0.00000000e+00    0.00000000e+00  4.70925538e-02  
  4.85000000e-01    4.56539617e-01    8.58972229e-01    0.00000000e+00    0.00000000e+00    3.33600969e-01    0.00000000e+00    0.00000000e+00  4.47675296e-02  
  4.90000000e-01    4.41757825e-01    8.92099982e-01    0.00000000e+00    0.00000000e+00    3.18580096e-01    0.00000000e+00    0.00000000e+00  4.25233991e-02  
  4.95000000e-01    4.30218781e-01    9.16082769e-01    0.00000000e+00    0.00000000e+00    3.08037832e-01    0.00000000e+00    0.00000000e+00  4.03425720e-02  
  5.00000000e-01    4.26544082e-01    9.28423485e-01    0.00000000e+00    0.00000000e+00    3.02771995e-01    0.00000000e+00    0.00000000e+00  3.82005028e-02  
  5.05000000e-01    4.25150107e-01    9.31768327e-01    0.00000000e+00    0.00000000e+00    3.01362648e-01    0.00000000e+00    0.00000000e+00  3.60734297e-02  
  5.10000000e-01    4.24318611e-01    9.31678826e-01    0.00000000e+00    0.00000000e+00    3.01400807e-01    0.00000000e+00    0.00000000e+00  3.39493713e-02  
  5.15000000e-01    4.24491677e-01    9.30667782e-01    0.00000000e+00    0.00000000e+00    3.01828438e-01    0.00000000e+00    0.00000000e+00  3.18243527e-02  
  5.20000000e-01    4.24602687e-01    9.29884008e-01    0.00000000e+00    0.00000000e+00    3.02157625e-01    0.00000000e+00    0.00000000e+00  2.96984856e-02  
  5.25000000e-01    4.24901852e-01    9.29457498e-01    0.00000000e+00    0.00000000e+00    3.02329482e-01    0.00000000e+00    0.00000000e+00  2.75706887e-02  
  5.30000000e-01    4.25598282e-01    9.29147356e-01    0.00000000e+00    0.00000000e+00    3.02460797e-01    0.00000000e+00    0.00000000e+00  2.54376063e-02  
  5.35000000e-01    4.26062581e-01    9.28879716e-01    0.00000000e+00    0.00000000e+00    3.02582771e-01    0.00000000e+00    0.00000000e+00  2.33019129e-02  
  5.40000000e-01    4.25969311e-01    9.28650438e-01    0.00000000e+00    0.00000000e+00    3.02678719e-01    0.00000000e+00    0.00000000e+00  2.11763961e-02  
  5.45000000e-01    4.25439932e-01    9.28586823e-01    0.00000000e+00    0.00000000e+00    3.02756761e-01    0.00000000e+00    0.00000000e+00  1.90642491e-02  
  5.50000000e-01    4.24181308e-01    9.28566619e-01    0.00000000e+00    0.00000000e+00    3.02775177e-01    0.00000000e+00    0.00000000e+00  1.69331569e-02  
  5.55000000e-01    4.23074302e-01    9.28552313e-01    0.00000000e+00    0.00000000e+00    3.02775817e-01    0.00000000e+00    0.00000000e+00  1.47397955e-02  
  5.60000000e-01    4.23049111e-01    9.28456525e-01    0.00000000e+00    0.00000000e+00    3.02810275e-01    0.00000000e+00    0.00000000e+00  1.25140432e-02  
  5.65000000e-01    4.23473813e-01    9.28325984e-01    0.00000000e+00    0.00000000e+00    3.02860374e-01    0.00000000e+00    0.00000000e+00  1.04056557e-02  
  5.70000000e-01    4.24707948e-01    9.28228498e-01    0.00000000e+00    0.00000000e+00    3.02903251e-01    0.00000000e+00    0.00000000e+00  8.56605078e-03  
  5.75000000e-01    4.26831250e-01    9.28171630e-01    0.00000000e+00    0.00000000e+00    3.02945809e-01    0.00000000e+00    0.00000000e+00  6.89033257e-03  
  5.80000000e-01    4.28381944e-01    9.28132568e-01    0.00000000e+00    0.00000000e+00    3.02987559e-01    0.00000000e+00    0.00000000e+00  4.84403085e-03  
  5.85000000e-01    4.28668612e-01    9.28100480e-01    0.00000000e+00    0.00000000e+00    3.03027111e-01    0.00000000e+00    0.00000000e+00  1.59163764e-03  
  5.90000000e-01    2.66613297e-01    9.28036808e-01    0.00000000e+00    0.00000000e+00    3.03067200e-01    0.00000000e+00    1.00000000e+00 -3.60349917e-03  
  5.95000000e-01    2.63316765e-01    9.27967625e-01    0.00000000e+00    0.00000000e+00    3.03077415e-01    0.00000000e+00    1.00000000e+00 -1.09913553e-02  
  6.00000000e-01    2.61799987e-01    9.27876419e-01    0.00000000e+00    0.00000000e+00    3.03076886e-01    0.00000000e+00    1.00000000e+00 -2.02350643e-02  
  6.05000000e-01    2.61557898e-01    9.27786591e-01    0.00000000e+00    0.00000000e+00    3.03073224e-01    0.00000000e+00    1.00000000e+00 -3.06404045e-02  
  6.10000000e-01    2.61659770e-01    9.27704171e-01    0.00000000e+00    0.00000000e+00    3.03067623e-01    0.00000000e+00    1.00000000e+00 -4.15105253e-02  
  6.15000000e-01    2.62096666e-01    9.27668049e-01    0.00000000e+00    0.00000000e+00    3.03074228e-01    0.00000000e+00    1.00000000e+00 -5.23964662e-02  
  6.20000000e-01    2.62990765e-01    9.27683113e-01    0.00000000e+00    0.00000000e+00    3.03095870e-01    0.00000000e+00    1.00000000e+00 -6.31344487e-02  
  6.25000000e-01    2.63990200e-01    9.27724063e-01    0.00000000e+00    0.00000000e+00    3.03118928e-01    0.00000000e+00    1.00000000e+00 -7.37472579e-02  
  6.30000000e-01    2.64555054e-01    9.27718797e-01    0.00000000e+00    0.00000000e+00    3.03124862e-01    0.00000000e+00    1.00000000e+00 -8.43067246e-02  
  6.35000000e-01    2.64770604e-01    9.27328244e-01    0.00000000e+00    0.00000000e+00    3.02998026e-01    0.00000000e+00    1.00000000e+00 -9.48685707e-02  
  6.40000000e-01    2.64868811e-01    9.27061499e-01    0.00000000e+00    0.00000000e+00    3.02912659e-01    0.00000000e+00    1.00000000e+00 -1.05441622e-01  
  6.45000000e-01    2.64509440e-01    9.24367666e-01    0.00000000e+00    0.00000000e+00    3.02005166e-01    0.00000000e+00    1.00000000e+00 -1.16018965e-01  
  6.50000000e-01    2.64311377e-01    9.22899800e-01    0.00000000e+00    0.00000000e+00    3.01489436e-01    0.00000000e+00    1.00000000e+00 -1.26570942e-01  
  6.55000000e-01    2.61966210e-01    9.10839182e-01    0.00000000e+00    0.00000000e+00    2.97610595e-01    0.00000000e+00    1.00000000e+00 -1.37062634e-01  
  6.60000000e-01    2.60322778e-01    9.04003390e-01    0.00000000e+00    0.00000000e+00    2.94969810e-01    0.00000000e+00    1.00000000e+00 -1.47433570e-01  
  6.65000000e-01    2.50746374e-01    8.53380699e-01    0.00000000e+00    0.00000000e+00    2.79654049e-01    0.00000000e+00    1.00000000e+00 -1.57518279e-01  
  6.70000000e-01    2.43504608e-01    8.18683014e-01    0.00000000e+00    0.00000000e+00    2.67854781e-01    0.00000000e+00    1.00000000e+00 -1.67182097e-01  
  6.75000000e-01    2.01956929e-01    5.81636588e-01    0.00000000e+00    0.00000000e+00    2.05285556e-01    0.00000000e+00    1.00000000e+00 -1.75641904e-01  
  6.80000000e-01    1.52130696e-01    2.36673336e-01    0.00000000e+00    0.00000000e+00    1.34756294e-01    0.00000000e+00    1.00000000e+00 -1.82271122e-01  
  6.85000000e-01    1.27521442e-01    2.15342037e-02    0.00000000e+00    0.00000000e+00    1.02875599e-01    0.00000000e+00    1.00000000e+00 -1.87476789e-01  
  6.90000000e-01    1.25269666e-01    2.28627118e-03    0.00000000e+00    0.00000000e+00    1.00302692e-01    0.00000000e+00    1.00000000e+00 -1.92497699e-01  
  6.95000000e-01    1.25026503e-01    2.24416458e-04    0.00000000e+00    0.00000000e+00    1.00029690e-01    0.00000000e+00    1.00000000e+00 -1.97499772e-01  
  7.00000000e-01    1.25002623e-01    2.22040830e-05    0.00000000e+00    0.00000000e+00    1.00002937e-01    0.00000000e+00    1.00000000e+00 -2.02499977e-01  
  7.05000000e-01    1.25000259e-01    2.19330795e-06    0.00000000e+00    0.00000000e+00    1.00000290e-01    0.00000000e+00    1.00000000e+00 -2.07499998e-01  
  7.10000000e-01    1.25000026e-01    2.17261413e-07    0.00000000e+00    0.00000000e+00    1.00000029e-01    0.00000000e+00    1.00000000e+00 -2.12500000e-01  
  7.15000000e-01    1.25000003e-01    2.17491560e-08    0.00000000e+00    0.00000000e+00    1.00000003e-01    0.00000000e+00    1.00000000e+00 -2.17500000e-01  
  7.20000000e-01    1.25000001e-01    4.59298269e-09    0.00000000e+00    0.00000000e+00    1.00000001e-01    0.00000000e+00    1.00000000e+00 -2.22500000e-01  
  7.25000000e-01    1.25000000e-01    1.51516836e-09    0.00000000e+00    0.00000000e+00    1.00000000e-01    0.00000000e+00    1.00000000e+00 -2.27500000e-01  
  7.30000000e-01    1.25000000e-01    5.44802429e-10    0.00000000e+00    0.00000000e+00    1.00000000e-01    0.00000000e+00    1.00000000e+00 -2.32500000e-01  
  7.35000000e-01    1.25000000e-01    1.91121737e-10    0.00000000e+00    0.00000000e+00    1.00000000e-01    0.00000000e+00    1.00000000e+00 -2.37500000e-01  
  7.40000000e-01    1.25000000e-01    6.54124708e-11    0.00000000e+00    0.00000000e+00    1.00000000e-01    0.00000000e+00    1.00000000e+00 -2.42500000e-01  
  7.45000000e-01    1.25000000e-01    2.21095725e-11    0.00000000e+00    0.00000000e+00    1.00000000e-01    0.00000000e+00    1.00000000e+00 -2.47500000e-01  
  7.50000000e-01    1.25000000e-01    7.39278676e-12    0.00000000e+00    0.00000000e+00    1.00000000e-01    0.00000000e+00    1.00000000e+00 -2.52500000e-01  
  7.55000000e-01    1.25000000e-01    2.43744370e-12    0.00000000e+00    0.00000000e+00    1.00000000e-01    0.00000000e+00    1.00000000e+00 -2.57500000e-01  
  7.60000000e-01    1.25000000e-01    7.92038274e-13    0.00000000e+00    0.00000000e+00    1.00000000e-01    0.00000000e+00    1.00000000e+00 -2.62500000e-01  
  7.65000000e-01    1.25000000e-01    2.53355688e-13    0.00000000e+00    0.00000000e+00    1.00000000e-01    0.00000000e+00    1.00000000e+00 -2.67500000e-01  
  7.70000000e-01    1.25000000e-01    7.97183469e-14    0.00000000e+00    0.00000000e+00    1.00000000e-01    0.00000000e+00    1.00000000e+00 -2.72500000e-01  
  7.75000000e-01    1.25000000e-01    2.46038578e-14    0.00000000e+00    0.00000000e+00    1.00000000e-01    0.00000000e+00    1.00000000e+00 -2.77500000e-01  
  7.80000000e-01    1.25000000e-01    7.40870095e-15    0.00000000e+00    0.00000000e+00    1.00000000e-01    0.00000000e+00    1.00000000e+00 -2.82500000e-01  
  7.85000000e-01    1.25000000e-01    2.15911689e-15    0.00000000e+00    0.00000000e+00    1.00000000e-01    0.00000000e+00    1.00000000e+00 -2.87500000e-01  
  7.90000000e-01    1.25000000e-01    6.29630992e-16    0.00000000e+00    0.00000000e+00    1.00000000e-01    0.00000000e+00    1.00000000e+00 -2.92500000e-01  
  7.95000000e-01    1.25000000e-01    1.46842711e-16    0.00000000e+00    0.00000000e+00    1.00000000e-01    0.00000000e+00    1.00000000e+00 -2.97500000e-01  
  8.00000000e-01    1.25000000e-01    2.88311438e-17    0.00000000e+00    0.00000000e+00    1.00000000e-01    0.00000000e+00    1.00000000e+00 -3.02500000e-01  
  8.05000000e-01    1.25000000e-01    0.00000000e+00    0.00000000e+00    0.00000000e+00    1.00000000e-01    0.00000000e+00    1.00000000e+00 -3.07500000e-01  
  8.10000000e-01    1.25000000e-01    0.00000000e+00    0.00000000e+00    0.00000000e+00    1.00000000e-01    0.00000000e+00    1.00000000e+00 -3.12500000e-01  
  8.15000000e-01    1.25000000e-01    0.00000000e+00    0.00000000e+00    0.00000000e+00    1.00000000e-01    0.00000000e+00    1.00000000e+00 -3.17500000e-01  
  8.20000000e-01    1.25000000e-01    0.00000000e+00    0.00000000e+00    0.00000000e+00    1.00000000e-01    0.00000000e+00    1.00000000e+00 -3.22500000e-01  
  8.25000000e-01    1.25000000e-01    0.00000000e+00    0.00000000e+00    0.00000000e+00    1.00000000e-01    0.00000000e+00    1.00000000e+00 -3.27500000e-01  
  8.30000000e-01    1.25000000e-01    0.00000000e+00    0.00000000e+00    0.00000000e+00    1.00000000e-01    0.00000000e+00    1.00000000e+00 -3.32500000e-01  
  8.35000000e-01    1.25000000e-01    0.00000000e+00    0.00000000e+00    0.00000000e+00    1.00000000e-01    0.00000000e+00    1.00000000e+00 -3.37500000e-01  
  8.40000000e-01    1.25000000e-01    0.00000000e+00    0.00000000e+00    0.00000000e+00    1.00000000e-01    0.00000000e+00    1.00000000e+00 -3.42500000e-01  
  8.45000000e-01    1.25000000e-01    0.00000000e+00    0.00000000e+00    0.00000000e+00    1.00000000e-01    0.00000000e+00    1.00000000e+00 -3.47500000e-01  
  8.50000000e-01    1.25000000e-01    0.00000000e+00    0.00000000e+00    0.00000000e+00    1.00000000e-01    0.00000000e+00    1.00000000e+00 -3.52500000e-01  
  8.55000000e-01    1.25000000e-01    0.00000000e+00    0.00000000e+00    0.00000000e+00    1.00000000e-01    0.00000000e+00    1.00000000e+00 -3.57500000e-01  
  8.60000000e-01    1.25000000e-01    0.00000000e+00    0.00000000e+00    0.00000000e+00    1.00000000e-01    0.00000000e+00    1.00000000e+00 -3.62500000e-01  
  8.65000000e-01    1.25000000e-01    0.00000000e+00    0.00000000e+00    0.00000000e+00    1.00000000e-01    0.00000000e+00    1.00000000e+00 -3.67500000e-01  
  8.70000000e-01    1.25000000e-01    0.00000000e+00    0.00000000e+00    0.00000000e+00    1.00000000e-01    0.00000000e+00    1.00000000e+00 -3.72500000e-01  
  8.75000000e-01    1.25000000e-01    0.00000000e+00    0.00000000e+00    0.00000000e+00    1.00000000e-01    0.00000000e+00    1.00000000e+00 -3.77500000e-01  
  8.80000000e-01    1.25000000e-01    0.00000000e+00    0.00000000e+00    0.00000000e+00    1.00000000e-01    0.00000000e+00    1.00000000e+00 -3.82500000e-01  
  8.85000000e-01    1.25000000e-01    0.00000000e+00    0.00000000e+00    0.00000000e+00    1.00000000e-01    0.00000000e+00    1.00000000e+00 -3.87500000e-01  
  8.90000000e-01    1.25000000e-01    0.00000000e+00    0.00000000e+00    0.00000000e+00    1.00000000e-01    0.00000000e+00    1.00000000e+00 -3.92500000e-01  
  8.95000000e-01    1.25000000e-01    0.00000000e+00    0.00000000e+00    0.00000000e+00    1.00000000e-01    0.00000000e+00    1.00000000e+00 -3.97500000e-01  
  9.00000000e-01    1.25000000e-01    0.00000000e+00    0.00000000e+00    0.00000000e+00    1.00000000e-01    0.00000000e+00    1.00000000e+00 -4.02500000e-01  
  9.05000000e-01    1.25000000e-01    0.00000000e+00    0.00000000e+00    0.00000000e+00    1.00000000e-01    0.00000000e+00    1.00000000e+00 -4.07500000e-01  
  9.10000000e-01    1.25000000e-01    0.00000000e+00    0.00000000e+00    0.00000000e+00    1.00000000e-01    0.00000000e+00    1.00000000e+00 -4.12500000e-01  
  9.15000000e-01    1.25000000e-01    0.00000000e+00    0.00000000e+00    0.00000000e+00    1.00000000e-01    0.00000000e+00    1.00000000e+00 -4.17500000e-01  
  9.20000000e-01    1.25000000e-01    0.00000000e+00    0.00000000e+00    0.00000000e+00    1.00000000e-01    0.00000000e+00    1.00000000e+00 -4.22500000e-01  
  9.25000000e-01    1.25000000e-01    0.00000000e+00    0.00000000e+00    0.00000000e+00    1.00000000e-01    0.00000000e+00    1.00000000e+00 -4.27500000e-01  
  9.30000000e-01    1.25000000e-01    0.00000000e+00    0.00000000e+00    0.00000000e+00    1.00000000e-01    0.00000000e+00    1.00000000e+00 -4.32500000e-01  
  9.35000000e-01    1.25000000e-01    0.00000000e+00    0.00000000e+00    0.00000000e+00    1.00000000e-01    0.00000000e+00    1.00000000e+00 -4.37500000e-01  
  9.40000000e-01    1.25000000e-01    0.00000000e+00    0.00000000e+00    0.00000000e+00    1.00000000e-01    0.00000000e+00    1.00000000e+00 -4.42500000e-01  
  9.45000000e-01    1.25000000e-01    0.00000000e+00    0.00000000e+00    0.00000000e+00    1.00000000e-01    0.00000000e+00    1.00000000e+00 -4.47500000e-01  
  9.50000000e-01    1.25000000e-01    0.00000000e+00    0.00000000e+00    0.00000000e+00    1.00000000e-01    0.00000000e+00    1.00000000e+00 -4.52500000e-01  
  9.55000000e-01    1.25000000e-01    0.00000000e+00    0.00000000e+00    0.00000000e+00    1.00000000e-01    0.00000000e+00    1.00000000e+00 -4.57500000e-01  
  9.60000000e-01    1.25000000e-01    0.00000000e+00    0.00000000e+00    0.00000000e+00    1.00000000e-01    0.00000000e+00    1.00000000e+00 -4.62500000e-01  
  9.65000000e-01    1.25000000e-01    0.00000000e+00    0.00000000e+00    0.00000000e+00    1.00000000e-01    0.00000000e+00    1.00000000e+00 -4.67500000e-01  
  9.70000000e-01    1.25000000e-01    0.00000000e+00    0.00000000e+00    0.00000000e+00    1.00000000e-01    0.00000000e+00    1.00000000e+00 -4.72500000e-01  
  9.75000000e-01    1.25000000e-01    0.00000000e+00    0.00000000e+00    0.00000000e+00    1.00000000e-01    0.00000000e+00    1.00000000e+00 -4.77500000e-01  
  9.80000000e-01    1.25000000e-01    0.00000000e+00    0.00000000e+00    0.00000000e+00    1.00000000e-01    0.00000000e+00    1.00000000e+00 -4.82500000e-01  
  9.85000000e-01    1.25000000e-01    0.00000000e+00    0.00000000e+00    0.00000000e+00    1.00000000e-01    0.00000000e+00    1.00000000e+00 -4.87500000e-01  
  9.90000000e-01    1.25000000e-01    0.00000000e+00    0.00000000e+00    0.00000000e+00    1.00000000e-01    0.00000000e+00    1.00000000e+00 -4.92500000e-01  
  9.95000000e-01    1.25000000e-01    0.00000000e+00    0.00000000e+00    0.00000000e+00    1.00000000e-01    0.00000000e+00    1.00000000e+00 -4.97500000e-01  
