## Line: (2.500000e-03, 0.000000e+00, 0.000000e+00) -> (9.975000e-01, 0.000000e+00, 0.000000e+00)
## Number of points: 200 (h = 5.000000e-03)
## Time: 1.000000e-01, Time step: 37.
## Coordinate  |  Density  |  Velocity (Vx,Vy,Vz)  |  Pressure  |  Temperature  |  Material ID  |  LevelSet(s)
  0.00000000e+00    1.00000000e+00    1.15206431e-13    0.00000000e+00    0.00000000e+00    1.00000000e+00    0.00000000e+00    0.00000000e+00  4.97500000e-01  
  5.00000000e-03    1.00000000e+00    1.95894031e-13    0.00000000e+00    0.00000000e+00    1.00000000e+00    0.00000000e+00    0.00000000e+00  4.92500000e-01  
  1.00000000e-02    1.00000000e+00    3.47923872e-13    0.00000000e+00    0.00000000e+00    1.00000000e+00    0.00000000e+00    0.00000000e+00  4.87500000e-01  
  1.50000000e-02    1.00000000e+00    5.73241922e-13    0.00000000e+00    0.00000000e+00    1.00000000e+00    0.00000000e+00    0.00000000e+00  4.82500000e-01  
  2.00000000e-02    1.00000000e+00    9.47082353e-13    0.00000000e+00    0.00000000e+00    1.00000000e+00    0.00000000e+00    0.00000000e+00  4.77500000e-01  
  2.50000000e-02    1.00000000e+00    1.62249927e-12    0.00000000e+00    0.00000000e+00    1.00000000e+00    0.00000000e+00    0.00000000e+00  4.72500000e-01  
  3.00000000e-02    1.00000000e+00    2.59723200e-12    0.00000000e+00    0.00000000e+00    1.00000000e+00    0.00000000e+00    0.00000000e+00  4.67500000e-01  
  3.50000000e-02    1.00000000e+00    4.16833573e-12    0.00000000e+00    0.00000000e+00    1.00000000e+00    0.00000000e+00    0.00000000e+00  4.62500000e-01  
  4.00000000e-02    1.00000000e+00    6.88744703e-12    0.00000000e+00    0.00000000e+00    1.00000000e+00    0.00000000e+00    0.00000000e+00  4.57500000e-01  
  4.50000000e-02    1.00000000e+00    1.07054293e-11    0.00000000e+00    0.00000000e+00    1.00000000e+00    0.00000000e+00    0.00000000e+00  4.52500000e-01  
  5.00000000e-02    1.00000000e+00    1.66720169e-11    0.00000000e+00    0.00000000e+00    1.00000000e+00    0.00000000e+00    0.00000000e+00  4.47500000e-01  
  5.50000000e-02    1.00000000e+00    2.65446597e-11    0.00000000e+00    0.00000000e+00    1.00000000e+00    0.00000000e+00    0.00000000e+00  4.42500000e-01  
  6.00000000e-02    1.00000000e+00    4.00158406e-11    0.00000000e+00    0.00000000e+00    1.00000000e+00    0.00000000e+00    0.00000000e+00  4.37500000e-01  
  6.50000000e-02    1.00000000e+00    6.03765811e-11    0.00000000e+00    0.00000000e+00    1.00000000e+00    0.00000000e+00    0.00000000e+00  4.32500000e-01  
  7.00000000e-02    1.00000000e+00    9.25120160e-11    0.00000000e+00    0.00000000e+00    1.00000000e+00    0.00000000e+00    0.00000000e+00  4.27500000e-01  
  7.50000000e-02    1.00000000e+00    1.35064732e-10    0.00000000e+00    0.00000000e+00    1.00000000e+00    0.00000000e+00    0.00000000e+00  4.22500000e-01  
  8.00000000e-02    1.00000000e+00    1.97094598e-10    0.00000000e+00    0.00000000e+00    1.00000000e+00    0.00000000e+00    0.00000000e+00  4.17500000e-01  
  8.50000000e-02    1.00000000e+00    2.90270585e-10    0.00000000e+00    0.00000000e+00    1.00000000e+00    0.00000000e+00    0.00000000e+00  4.12500000e-01  
  9.00000000e-02    1.00000000e+00    4.09859547e-10    0.00000000e+00    0.00000000e+00    1.00000000e+00    0.00000000e+00    0.00000000e+00  4.07500000e-01  
  9.50000000e-02    1.00000000e+00    5.77541319e-10    0.00000000e+00    0.00000000e+00    9.99999999e-01    0.00000000e+00    0.00000000e+00  4.02500000e-01  
  1.00000000e-01    9.99999999e-01    8.16833966e-10    0.00000000e+00    0.00000000e+00    9.99999999e-01    0.00000000e+00    0.00000000e+00  3.97500000e-01  
  1.05000000e-01    9.99999999e-01    1.11430200e-09    0.00000000e+00    0.00000000e+00    9.99999999e-01    0.00000000e+00    0.00000000e+00  3.92500000e-01  
  1.10000000e-01    9.99999999e-01    1.51468530e-09    0.00000000e+00    0.00000000e+00    9.99999998e-01    0.00000000e+00    0.00000000e+00  3.87500000e-01  
  1.15000000e-01    9.99999998e-01    2.05905344e-09    0.00000000e+00    0.00000000e+00    9.99999998e-01    0.00000000e+00    0.00000000e+00  3.82500000e-01  
  1.20000000e-01    9.99999998e-01    2.71805187e-09    0.00000000e+00    0.00000000e+00    9.99999997e-01    0.00000000e+00    0.00000000e+00  3.77500000e-01  
  1.25000000e-01    9.99999997e-01    3.57695632e-09    0.00000000e+00    0.00000000e+00    9.99999996e-01    0.00000000e+00    0.00000000e+00  3.72500000e-01  
  1.30000000e-01    9.99999996e-01    4.72315367e-09    0.00000000e+00    0.00000000e+00    9.99999994e-01    0.00000000e+00    0.00000000e+00  3.67500000e-01  
  1.35000000e-01    9.99999995e-01    6.15756196e-09    0.00000000e+00    0.00000000e+00    9.99999993e-01    0.00000000e+00    0.00000000e+00  3.62500000e-01  
  1.40000000e-01    9.99999992e-01    8.16931015e-09    0.00000000e+00    0.00000000e+00    9.99999990e-01    0.00000000e+00    0.00000000e+00  3.57500000e-01  
  1.45000000e-01    9.99999975e-01    1.66754865e-08    0.00000000e+00    0.00000000e+00    9.99999980e-01    0.00000000e+00    0.00000000e+00  3.52500000e-01  
  1.50000000e-01    9.99999885e-01    3.56969808e-08    0.00000000e+00    0.00000000e+00    9.99999958e-01    0.00000000e+00    0.00000000e+00  3.47500000e-01  
  1.55000000e-01    9.99999595e-01    7.97700009e-08    0.00000000e+00    0.00000000e+00    9.99999906e-01    0.00000000e+00    0.00000000e+00  3.42500000e-01  
  1.60000000e-01    9.99996405e-01    2.03463173e-07    0.00000000e+00    0.00000000e+00    9.99999759e-01    0.00000000e+00    0.00000000e+00  3.37500001e-01  
  1.65000000e-01    9.99979684e-01    4.40138483e-07    0.00000000e+00    0.00000000e+00    9.99999479e-01    0.00000000e+00    0.00000000e+00  3.32500002e-01  
  1.70000000e-01    9.99925268e-01    9.36140057e-07    0.00000000e+00    0.00000000e+00    9.99998892e-01    0.00000000e+00    0.00000000e+00  3.27500004e-01  
  1.75000000e-01    9.99467809e-01    2.23906799e-06    0.00000000e+00    0.00000000e+00    9.99997351e-01    0.00000000e+00    0.00000000e+00  3.22500011e-01  
  1.80000000e-01    9.97767185e-01    4.62210668e-06    0.00000000e+00    0.00000000e+00    9.99994536e-01    0.00000000e+00    0.00000000e+00  3.17500023e-01  
  1.85000000e-01    9.92740109e-01    9.43855131e-06    0.00000000e+00    0.00000000e+00    9.99988856e-01    0.00000000e+00    0.00000000e+00  3.12500047e-01  
  1.90000000e-01    9.67660670e-01    2.13874897e-05    0.00000000e+00    0.00000000e+00    9.99975051e-01    0.00000000e+00    0.00000000e+00  3.07500111e-01  
  1.95000000e-01    9.29103978e-01    4.21850953e-05    0.00000000e+00    0.00000000e+00    9.99951704e-01    0.00000000e+00    0.00000000e+00  3.02500224e-01  
  2.00000000e-01    8.70167896e-01    8.23962090e-05    0.00000000e+00    0.00000000e+00    9.99907857e-01    0.00000000e+00    0.00000000e+00  2.97500448e-01  
  2.05000000e-01    8.32141149e-01    1.67952264e-04    0.00000000e+00    0.00000000e+00    9.99817207e-01    0.00000000e+00    0.00000000e+00  2.92500947e-01  
  2.10000000e-01    8.07502746e-01    3.02768099e-04    0.00000000e+00    0.00000000e+00    9.99675045e-01    0.00000000e+00    0.00000000e+00  2.87501754e-01  
  2.15000000e-01    8.02120045e-01    5.40018332e-04    0.00000000e+00    0.00000000e+00    9.99425153e-01    0.00000000e+00    0.00000000e+00  2.82503216e-01  
  2.20000000e-01    8.00015920e-01    1.00369022e-03    0.00000000e+00    0.00000000e+00    9.98935946e-01    0.00000000e+00    0.00000000e+00  2.77506213e-01  
  2.25000000e-01    7.99061380e-01    1.69968798e-03    0.00000000e+00    0.00000000e+00    9.98201422e-01    0.00000000e+00    0.00000000e+00  2.72510862e-01  
  2.30000000e-01    7.98277015e-01    2.86624173e-03    0.00000000e+00    0.00000000e+00    9.96970260e-01    0.00000000e+00    0.00000000e+00  2.67518930e-01  
  2.35000000e-01    7.96998610e-01    4.95498132e-03    0.00000000e+00    0.00000000e+00    9.94769843e-01    0.00000000e+00    0.00000000e+00  2.62534225e-01  
  2.40000000e-01    7.95223534e-01    7.90701099e-03    0.00000000e+00    0.00000000e+00    9.91666777e-01    0.00000000e+00    0.00000000e+00  2.57556722e-01  
  2.45000000e-01    7.92452484e-01    1.25267251e-02    0.00000000e+00    0.00000000e+00    9.86825024e-01    0.00000000e+00    0.00000000e+00  2.52593599e-01  
  2.50000000e-01    7.88163856e-01    1.97019082e-02    0.00000000e+00    0.00000000e+00    9.79359985e-01    0.00000000e+00    0.00000000e+00  2.47656765e-01  
  2.55000000e-01    7.82820303e-01    2.86687677e-02    0.00000000e+00    0.00000000e+00    9.70085002e-01    0.00000000e+00    0.00000000e+00  2.42742596e-01  
  2.60000000e-01    7.75829552e-01    4.04551876e-02    0.00000000e+00    0.00000000e+00    9.58003467e-01    0.00000000e+00    0.00000000e+00  2.37870134e-01  
  2.65000000e-01    7.67618435e-01    5.43259838e-02    0.00000000e+00    0.00000000e+00    9.43984493e-01    0.00000000e+00    0.00000000e+00  2.33052849e-01  
  2.70000000e-01    7.58858124e-01    6.92938046e-02    0.00000000e+00    0.00000000e+00    9.28998693e-01    0.00000000e+00    0.00000000e+00  2.28275037e-01  
  2.75000000e-01    7.49670592e-01    8.54683230e-02    0.00000000e+00    0.00000000e+00    9.13049850e-01    0.00000000e+00    0.00000000e+00  2.23560472e-01  
  2.80000000e-01    7.42316850e-01    1.02347503e-01    0.00000000e+00    0.00000000e+00    8.96675032e-01    0.00000000e+00    0.00000000e+00  2.18913567e-01  
  2.85000000e-01    7.39258364e-01    1.19599769e-01    0.00000000e+00    0.00000000e+00    8.80045431e-01    0.00000000e+00    0.00000000e+00  2.14312243e-01  
  2.90000000e-01    7.47251858e-01    1.37266627e-01    0.00000000e+00    0.00000000e+00    8.63077460e-01    0.00000000e+00    0.00000000e+00  2.09780004e-01  
  2.95000000e-01    7.71551316e-01    1.55137812e-01    0.00000000e+00    0.00000000e+00    8.45384181e-01    0.00000000e+00    0.00000000e+00  2.05316244e-01  
  3.00000000e-01    7.99802881e-01    1.73181343e-01    0.00000000e+00    0.00000000e+00    8.27153260e-01    0.00000000e+00    0.00000000e+00  2.00902958e-01  
  3.05000000e-01    8.23604800e-01    1.91537585e-01    0.00000000e+00    0.00000000e+00    8.08034722e-01    0.00000000e+00    0.00000000e+00  1.96572614e-01  
  3.10000000e-01    8.28111682e-01    2.10159262e-01    0.00000000e+00    0.00000000e+00    7.88580742e-01    0.00000000e+00    0.00000000e+00  1.92327243e-01  
  3.15000000e-01    8.24233794e-01    2.28918682e-01    0.00000000e+00    0.00000000e+00    7.69070203e-01    0.00000000e+00    0.00000000e+00  1.88138061e-01  
  3.20000000e-01    8.14496636e-01    2.47825894e-01    0.00000000e+00    0.00000000e+00    7.49725427e-01    0.00000000e+00    0.00000000e+00  1.84032477e-01  
  3.25000000e-01    8.00968913e-01    2.66927449e-01    0.00000000e+00    0.00000000e+00    7.30760946e-01    0.00000000e+00    0.00000000e+00  1.80009793e-01  
  3.30000000e-01    7.86081102e-01    2.86155192e-01    0.00000000e+00    0.00000000e+00    7.12088057e-01    0.00000000e+00    0.00000000e+00  1.76041876e-01  
  3.35000000e-01    7.70903588e-01    3.05567153e-01    0.00000000e+00    0.00000000e+00    6.93909650e-01    0.00000000e+00    0.00000000e+00  1.72155359e-01  
  3.40000000e-01    7.56389238e-01    3.25161976e-01    0.00000000e+00    0.00000000e+00    6.76230330e-01    0.00000000e+00    0.00000000e+00  1.68348432e-01  
  3.45000000e-01    7.42252233e-01    3.44874578e-01    0.00000000e+00    0.00000000e+00    6.58877169e-01    0.00000000e+00    0.00000000e+00  1.64593918e-01  
  3.50000000e-01    7.28584097e-01    3.64757655e-01    0.00000000e+00    0.00000000e+00    6.42003402e-01    0.00000000e+00    0.00000000e+00  1.60917055e-01  
  3.55000000e-01    7.15211561e-01    3.84787238e-01    0.00000000e+00    0.00000000e+00    6.25582754e-01    0.00000000e+00    0.00000000e+00  1.57315904e-01  
  3.60000000e-01    7.02016261e-01    4.04904948e-01    0.00000000e+00    0.00000000e+00    6.09454848e-01    0.00000000e+00    0.00000000e+00  1.53764611e-01  
  3.65000000e-01    6.89057069e-01    4.25140529e-01    0.00000000e+00    0.00000000e+00    5.93752047e-01    0.00000000e+00    0.00000000e+00  1.50287178e-01  
  3.70000000e-01    6.76315294e-01    4.45465955e-01    0.00000000e+00    0.00000000e+00    5.78447440e-01    0.00000000e+00    0.00000000e+00  1.46881872e-01  
  3.75000000e-01    6.63715017e-01    4.65843504e-01    0.00000000e+00    0.00000000e+00    5.63400671e-01    0.00000000e+00    0.00000000e+00  1.43524110e-01  
  3.80000000e-01    6.51321817e-01    4.86287579e-01    0.00000000e+00    0.00000000e+00    5.48729221e-01    0.00000000e+00    0.00000000e+00  1.40236854e-01  
  3.85000000e-01    6.39127451e-01    5.06780935e-01    0.00000000e+00    0.00000000e+00    5.34415121e-01    0.00000000e+00    0.00000000e+00  1.37018569e-01  
  3.90000000e-01    6.27063594e-01    5.27303309e-01    0.00000000e+00    0.00000000e+00    5.20334743e-01    0.00000000e+00    0.00000000e+00  1.33845775e-01  
  3.95000000e-01    6.15192425e-01    5.47863455e-01    0.00000000e+00    0.00000000e+00    5.06598184e-01    0.00000000e+00    0.00000000e+00  1.30740481e-01  
  4.00000000e-01    6.03509869e-01    5.68454067e-01    0.00000000e+00    0.00000000e+00    4.93195150e-01    0.00000000e+00    0.00000000e+00  1.27701254e-01  
  4.05000000e-01    5.91952244e-01    5.89063360e-01    0.00000000e+00    0.00000000e+00    4.80011754e-01    0.00000000e+00    0.00000000e+00  1.24705605e-01  
  4.10000000e-01    5.80580802e-01    6.09698228e-01    0.00000000e+00    0.00000000e+00    4.67153741e-01    0.00000000e+00    0.00000000e+00  1.21774617e-01  
  4.15000000e-01    5.69394347e-01    6.30354419e-01    0.00000000e+00    0.00000000e+00    4.54614441e-01    0.00000000e+00    0.00000000e+00  1.18906899e-01  
  4.20000000e-01    5.58331219e-01    6.51023033e-01    0.00000000e+00    0.00000000e+00    4.42285846e-01    0.00000000e+00    0.00000000e+00  1.16080899e-01  
  4.25000000e-01    5.47453082e-01    6.71707593e-01    0.00000000e+00    0.00000000e+00    4.30270652e-01    0.00000000e+00    0.00000000e+00  1.13316781e-01  
  4.30000000e-01    5.36761684e-01    6.92399367e-01    0.00000000e+00    0.00000000e+00    4.18565411e-01    0.00000000e+00    0.00000000e+00  1.10613153e-01  
  4.35000000e-01    5.26196415e-01    7.13090672e-01    0.00000000e+00    0.00000000e+00    4.07066748e-01    0.00000000e+00    0.00000000e+00  1.07949377e-01  
  4.40000000e-01    5.15822796e-01    7.33773353e-01    0.00000000e+00    0.00000000e+00    3.95877864e-01    0.00000000e+00    0.00000000e+00  1.05344673e-01  
  4.45000000e-01    5.05651781e-01    7.54416801e-01    0.00000000e+00    0.00000000e+00    3.85005047e-01    0.00000000e+00    0.00000000e+00  1.02797562e-01  
  4.50000000e-01    4.95624543e-01    7.75013086e-01    0.00000000e+00    0.00000000e+00    3.74349637e-01    0.00000000e+00    0.00000000e+00  1.00288310e-01  
  4.55000000e-01    4.85826033e-01    7.95507119e-01    0.00000000e+00    0.00000000e+00    3.64030379e-01    0.00000000e+00    0.00000000e+00  9.78350428e-02  
  4.60000000e-01    4.76313122e-01    8.15760245e-01    0.00000000e+00    0.00000000e+00    3.54099072e-01    0.00000000e+00    0.00000000e+00  9.54358581e-02  
  4.65000000e-01    4.67026068e-01    8.35747237e-01    0.00000000e+00    0.00000000e+00    3.44467836e-01    0.00000000e+00    0.00000000e+00  9.30718700e-02  
  4.70000000e-01    4.58130991e-01    8.55176731e-01    0.00000000e+00    0.00000000e+00    3.35348863e-01    0.00000000e+00    0.00000000e+00  9.07593895e-02  
  4.75000000e-01    4.50059958e-01    8.73369058e-01    0.00000000e+00    0.00000000e+00    3.27011392e-01    0.00000000e+00    0.00000000e+00  8.84943576e-02  
  4.80000000e-01    4.42523767e-01    8.90338606e-01    0.00000000e+00    0.00000000e+00    3.19347074e-01    0.00000000e+00    0.00000000e+00  8.62586314e-02  
  4.85000000e-01    4.35768056e-01    9.04876982e-01    0.00000000e+00    0.00000000e+00    3.12920717e-01    0.00000000e+00    0.00000000e+00  8.40633731e-02  
  4.90000000e-01    4.31190516e-01    9.15725544e-01    0.00000000e+00    0.00000000e+00    3.08202049e-01    0.00000000e+00    0.00000000e+00  8.18976744e-02  
  4.95000000e-01    4.27893514e-01    9.24049094e-01    0.00000000e+00    0.00000000e+00    3.04616918e-01    0.00000000e+00    0.00000000e+00  7.97473108e-02  
  5.00000000e-01    4.26259957e-01    9.28487423e-01    0.00000000e+00    0.00000000e+00    3.02724715e-01    0.00000000e+00    0.00000000e+00  7.76133925e-02  
  5.05000000e-01    4.25251795e-01    9.30434700e-01    0.00000000e+00    0.00000000e+00    3.01896019e-01    0.00000000e+00    0.00000000e+00  7.54855200e-02  
  5.10000000e-01    4.24624717e-01    9.31262224e-01    0.00000000e+00    0.00000000e+00    3.01544672e-01    0.00000000e+00    0.00000000e+00  7.33601602e-02  
  5.15000000e-01    4.24515496e-01    9.31221546e-01    0.00000000e+00    0.00000000e+00    3.01561861e-01    0.00000000e+00    0.00000000e+00  7.12362929e-02  
  5.20000000e-01    4.24635988e-01    9.30801161e-01    0.00000000e+00    0.00000000e+00    3.01740288e-01    0.00000000e+00    0.00000000e+00  6.91115903e-02  
  5.25000000e-01    4.24846302e-01    9.30272745e-01    0.00000000e+00    0.00000000e+00    3.01964560e-01    0.00000000e+00    0.00000000e+00  6.69861922e-02  
  5.30000000e-01    4.25096369e-01    9.29799944e-01    0.00000000e+00    0.00000000e+00    3.02165133e-01    0.00000000e+00    0.00000000e+00  6.48595421e-02  
  5.35000000e-01    4.25407061e-01    9.29484547e-01    0.00000000e+00    0.00000000e+00    3.02301197e-01    0.00000000e+00    0.00000000e+00  6.27320864e-02  
  5.40000000e-01    4.25696739e-01    9.29237791e-01    0.00000000e+00    0.00000000e+00    3.02408996e-01    0.00000000e+00    0.00000000e+00  6.06041163e-02  
  5.45000000e-01    4.25862751e-01    9.29039553e-01    0.00000000e+00    0.00000000e+00    3.02496508e-01    0.00000000e+00    0.00000000e+00  5.84754083e-02  
  5.50000000e-01    4.25901920e-01    9.28864472e-01    0.00000000e+00    0.00000000e+00    3.02571736e-01    0.00000000e+00    0.00000000e+00  5.63459728e-02  
  5.55000000e-01    4.25883045e-01    9.28713523e-01    0.00000000e+00    0.00000000e+00    3.02637570e-01    0.00000000e+00    0.00000000e+00  5.42162236e-02  
  5.60000000e-01    4.25816878e-01    9.28611811e-01    0.00000000e+00    0.00000000e+00    3.02687504e-01    0.00000000e+00    0.00000000e+00  5.20862612e-02  
  5.65000000e-01    4.25698503e-01    9.28545886e-01    0.00000000e+00    0.00000000e+00    3.02715161e-01    0.00000000e+00    0.00000000e+00  4.99567096e-02  
  5.70000000e-01    4.25585349e-01    9.28498832e-01    0.00000000e+00    0.00000000e+00    3.02732694e-01    0.00000000e+00    0.00000000e+00  4.78272049e-02  
  5.75000000e-01    4.25540068e-01    9.28472605e-01    0.00000000e+00    0.00000000e+00    3.02742132e-01    0.00000000e+00    0.00000000e+00  4.56974305e-02  
  5.80000000e-01    4.25553453e-01    9.28443307e-01    0.00000000e+00    0.00000000e+00    3.02754162e-01    0.00000000e+00    0.00000000e+00  4.35652317e-02  
  5.85000000e-01    4.25608732e-01    9.28404337e-01    0.00000000e+00    0.00000000e+00    3.02771212e-01    0.00000000e+00    0.00000000e+00  4.14314476e-02  
  5.90000000e-01    4.25731024e-01    9.28339424e-01    0.00000000e+00    0.00000000e+00    3.02800723e-01    0.00000000e+00    0.00000000e+00  3.92953323e-02  
  5.95000000e-01    4.25800784e-01    9.28272841e-01    0.00000000e+00    0.00000000e+00    3.02832934e-01    0.00000000e+00    0.00000000e+00  3.71628559e-02  
  6.00000000e-01    4.25825426e-01    9.28210058e-01    0.00000000e+00    0.00000000e+00    3.02864654e-01    0.00000000e+00    0.00000000e+00  3.50347103e-02  
  6.05000000e-01    4.25767250e-01    9.28160342e-01    0.00000000e+00    0.00000000e+00    3.02892201e-01    0.00000000e+00    0.00000000e+00  3.29159183e-02  
  6.10000000e-01    4.25579497e-01    9.28113535e-01    0.00000000e+00    0.00000000e+00    3.02916076e-01    0.00000000e+00    0.00000000e+00  3.07972121e-02  
  6.15000000e-01    4.25279284e-01    9.28065766e-01    0.00000000e+00    0.00000000e+00    3.02938557e-01    0.00000000e+00    0.00000000e+00  2.86696987e-02  
  6.20000000e-01    4.24771271e-01    9.28012202e-01    0.00000000e+00    0.00000000e+00    3.02960524e-01    0.00000000e+00    0.00000000e+00  2.65156783e-02  
  6.25000000e-01    4.24330068e-01    9.27954769e-01    0.00000000e+00    0.00000000e+00    3.02981992e-01    0.00000000e+00    0.00000000e+00  2.43214287e-02  
  6.30000000e-01    4.24007393e-01    9.27898602e-01    0.00000000e+00    0.00000000e+00    3.03000157e-01    0.00000000e+00    0.00000000e+00  2.21152393e-02  
  6.35000000e-01    4.23973489e-01    9.27850103e-01    0.00000000e+00    0.00000000e+00    3.03008911e-01    0.00000000e+00    0.00000000e+00  1.99134600e-02  
  6.40000000e-01    4.24069184e-01    9.27822606e-01    0.00000000e+00    0.00000000e+00    3.03017504e-01    0.00000000e+00    0.00000000e+00  1.78196245e-02  
  6.45000000e-01    4.24299567e-01    9.27784586e-01    0.00000000e+00    0.00000000e+00    3.03034861e-01    0.00000000e+00    0.00000000e+00  1.58223001e-02  
  6.50000000e-01    4.24804413e-01    9.27693995e-01    0.00000000e+00    0.00000000e+00    3.03078671e-01    0.00000000e+00    0.00000000e+00  1.40065653e-02  
  6.55000000e-01    4.25699141e-01    9.27568920e-01    0.00000000e+00    0.00000000e+00    3.03142907e-01    0.00000000e+00    0.00000000e+00  1.22735365e-02  
  6.60000000e-01    4.26708242e-01    9.27468859e-01    0.00000000e+00    0.00000000e+00    3.03200401e-01    0.00000000e+00    0.00000000e+00  1.04774832e-02  
  6.65000000e-01    4.27670580e-01    9.27478323e-01    0.00000000e+00    0.00000000e+00    3.03217237e-01    0.00000000e+00    0.00000000e+00  8.40965095e-03  
  6.70000000e-01    4.27998735e-01    9.27571887e-01    0.00000000e+00    0.00000000e+00    3.03185897e-01    0.00000000e+00    0.00000000e+00  5.53700676e-03  
  6.75000000e-01    4.01173432e-01    9.27692644e-01    0.00000000e+00    0.00000000e+00    3.03143020e-01    0.00000000e+00    1.66666667e-01  1.96261649e-03  
  6.80000000e-01    2.93521938e-01    9.27810879e-01    0.00000000e+00    0.00000000e+00    3.03113712e-01    0.00000000e+00    8.33333333e-01 -2.91220008e-03  
  6.85000000e-01    2.65195777e-01    9.27848373e-01    0.00000000e+00    0.00000000e+00    3.03102994e-01    0.00000000e+00    1.00000000e+00 -9.31703381e-03  
  6.90000000e-01    2.63544955e-01    9.27854747e-01    0.00000000e+00    0.00000000e+00    3.03099390e-01    0.00000000e+00    1.00000000e+00 -1.66975280e-02  
  6.95000000e-01    2.62594815e-01    9.27848501e-01    0.00000000e+00    0.00000000e+00    3.03098538e-01    0.00000000e+00    1.00000000e+00 -2.54749864e-02  
  7.00000000e-01    2.62203498e-01    9.27835405e-01    0.00000000e+00    0.00000000e+00    3.03100060e-01    0.00000000e+00    1.00000000e+00 -3.52425698e-02  
  7.05000000e-01    2.62052097e-01    9.27818862e-01    0.00000000e+00    0.00000000e+00    3.03102885e-01    0.00000000e+00    1.00000000e+00 -4.55091063e-02  
  7.10000000e-01    2.62061620e-01    9.27798825e-01    0.00000000e+00    0.00000000e+00    3.03107241e-01    0.00000000e+00    1.00000000e+00 -5.62823776e-02  
  7.15000000e-01    2.62153458e-01    9.27783307e-01    0.00000000e+00    0.00000000e+00    3.03113040e-01    0.00000000e+00    1.00000000e+00 -6.71819967e-02  
  7.20000000e-01    2.62321058e-01    9.27770649e-01    0.00000000e+00    0.00000000e+00    3.03119669e-01    0.00000000e+00    1.00000000e+00 -7.80989823e-02  
  7.25000000e-01    2.62633628e-01    9.27762053e-01    0.00000000e+00    0.00000000e+00    3.03127351e-01    0.00000000e+00    1.00000000e+00 -8.89417195e-02  
  7.30000000e-01    2.63097320e-01    9.27756950e-01    0.00000000e+00    0.00000000e+00    3.03135158e-01    0.00000000e+00    1.00000000e+00 -9.96644640e-02  
  7.35000000e-01    2.63622425e-01    9.27752346e-01    0.00000000e+00    0.00000000e+00    3.03142530e-01    0.00000000e+00    1.00000000e+00 -1.10319573e-01  
  7.40000000e-01    2.64180648e-01    9.27745749e-01    0.00000000e+00    0.00000000e+00    3.03148469e-01    0.00000000e+00    1.00000000e+00 -1.20891767e-01  
  7.45000000e-01    2.64605172e-01    9.27733560e-01    0.00000000e+00    0.00000000e+00    3.03149721e-01    0.00000000e+00    1.00000000e+00 -1.31438257e-01  
  7.50000000e-01    2.64939686e-01    9.27718224e-01    0.00000000e+00    0.00000000e+00    3.03148623e-01    0.00000000e+00    1.00000000e+00 -1.41981251e-01  
  7.55000000e-01    2.65137869e-01    9.27699038e-01    0.00000000e+00    0.00000000e+00    3.03145166e-01    0.00000000e+00    1.00000000e+00 -1.52539463e-01  
  7.60000000e-01    2.65255697e-01    9.27672581e-01    0.00000000e+00    0.00000000e+00    3.03137721e-01    0.00000000e+00    1.00000000e+00 -1.63128489e-01  
  7.65000000e-01    2.65330995e-01    9.27643390e-01    0.00000000e+00    0.00000000e+00    3.03128050e-01    0.00000000e+00    1.00000000e+00 -1.73735233e-01  
  7.70000000e-01    2.65359060e-01    9.27613262e-01    0.00000000e+00    0.00000000e+00    3.03115692e-01    0.00000000e+00    1.00000000e+00 -1.84364319e-01  
  7.75000000e-01    2.65362799e-01    9.27532063e-01    0.00000000e+00    0.00000000e+00    3.03086918e-01    0.00000000e+00    1.00000000e+00 -1.95000369e-01  
  7.80000000e-01    2.65355703e-01    9.27434397e-01    0.00000000e+00    0.00000000e+00    3.03053133e-01    0.00000000e+00    1.00000000e+00 -2.05635845e-01  
  7.85000000e-01    2.65340425e-01    9.27338401e-01    0.00000000e+00    0.00000000e+00    3.03020730e-01    0.00000000e+00    1.00000000e+00 -2.16262632e-01  
  7.90000000e-01    2.65253586e-01    9.26970364e-01    0.00000000e+00    0.00000000e+00    3.02890722e-01    0.00000000e+00    1.00000000e+00 -2.26878670e-01  
  7.95000000e-01    2.65146730e-01    9.26524601e-01    0.00000000e+00    0.00000000e+00    3.02737568e-01    0.00000000e+00    1.00000000e+00 -2.37486277e-01  
  8.00000000e-01    2.65051385e-01    9.26117705e-01    0.00000000e+00    0.00000000e+00    3.02612577e-01    0.00000000e+00    1.00000000e+00 -2.48079344e-01  
  8.05000000e-01    2.64697977e-01    9.24418962e-01    0.00000000e+00    0.00000000e+00    3.02044966e-01    0.00000000e+00    1.00000000e+00 -2.58660457e-01  
  8.10000000e-01    2.64280534e-01    9.22415290e-01    0.00000000e+00    0.00000000e+00    3.01363122e-01    0.00000000e+00    1.00000000e+00 -2.69227043e-01  
  8.15000000e-01    2.63929049e-01    9.20788678e-01    0.00000000e+00    0.00000000e+00    3.00781196e-01    0.00000000e+00    1.00000000e+00 -2.79762004e-01  
  8.20000000e-01    2.62517264e-01    9.13442096e-01    0.00000000e+00    0.00000000e+00    2.98472812e-01    0.00000000e+00    1.00000000e+00 -2.90242716e-01  
  8.25000000e-01    2.60768575e-01    9.04701788e-01    0.00000000e+00    0.00000000e+00    2.95621258e-01    0.00000000e+00    1.00000000e+00 -3.00665413e-01  
  8.30000000e-01    2.59069469e-01    8.97500272e-01    0.00000000e+00    0.00000000e+00    2.92866656e-01    0.00000000e+00    1.00000000e+00 -3.10968315e-01  
  8.35000000e-01    2.53227128e-01    8.66916451e-01    0.00000000e+00    0.00000000e+00    2.83579392e-01    0.00000000e+00    1.00000000e+00 -3.21022754e-01  
  8.40000000e-01    2.45680872e-01    8.27390925e-01    0.00000000e+00    0.00000000e+00    2.71587583e-01    0.00000000e+00    1.00000000e+00 -3.30852124e-01  
  8.45000000e-01    2.37166104e-01    7.84422592e-01    0.00000000e+00    0.00000000e+00    2.58014800e-01    0.00000000e+00    1.00000000e+00 -3.40254746e-01  
  8.50000000e-01    2.11384087e-01    6.32215643e-01    0.00000000e+00    0.00000000e+00    2.19490412e-01    0.00000000e+00    1.00000000e+00 -3.48569095e-01  
  8.55000000e-01    1.79594643e-01    4.29348304e-01    0.00000000e+00    0.00000000e+00    1.73134921e-01    0.00000000e+00    1.00000000e+00 -3.56039520e-01  
  8.60000000e-01    1.47050167e-01    1.83738410e-01    0.00000000e+00    0.00000000e+00    1.28237727e-01    0.00000000e+00    1.00000000e+00 -3.62066450e-01  
  8.65000000e-01    1.32631977e-01    6.69181329e-02    0.00000000e+00    0.00000000e+00    1.09270887e-01    0.00000000e+00    1.00000000e+00 -3.67402525e-01  
  8.70000000e-01    1.26148227e-01    9.78107672e-03    0.00000000e+00    0.00000000e+00    1.01299754e-01    0.00000000e+00    1.00000000e+00 -3.72484588e-01  
  8.75000000e-01    1.25341507e-01    2.90406758e-03    0.00000000e+00    0.00000000e+00    1.00385391e-01    0.00000000e+00    1.00000000e+00 -3.77495473e-01  
  8.80000000e-01    1.25076832e-01    6.50988885e-04    0.00000000e+00    0.00000000e+00    1.00086150e-01    0.00000000e+00    1.00000000e+00 -3.82499008e-01  
  8.85000000e-01    1.25011760e-01    9.95732236e-05    0.00000000e+00    0.00000000e+00    1.00013173e-01    0.00000000e+00    1.00000000e+00 -3.87499847e-01  
  8.90000000e-01    1.25003451e-01    2.92162247e-05    0.00000000e+00    0.00000000e+00    1.00003865e-01    0.00000000e+00    1.00000000e+00 -3.92499955e-01  
  8.95000000e-01    1.25000755e-01    6.38975321e-06    0.00000000e+00    0.00000000e+00    1.00000845e-01    0.00000000e+00    1.00000000e+00 -3.97499990e-01  
  9.00000000e-01    1.25000116e-01    9.79394548e-07    0.00000000e+00    0.00000000e+00    1.00000130e-01    0.00000000e+00    1.00000000e+00 -4.02499998e-01  
  9.05000000e-01    1.25000034e-01    2.86847112e-07    0.00000000e+00    0.00000000e+00    1.00000038e-01    0.00000000e+00    1.00000000e+00 -4.07500000e-01  
  9.10000000e-01    1.25000008e-01    6.36641342e-08    0.00000000e+00    0.00000000e+00    1.00000009e-01    0.00000000e+00    1.00000000e+00 -4.12500000e-01  
  9.15000000e-01    1.25000001e-01    1.19236013e-08    0.00000000e+00    0.00000000e+00    1.00000002e-01    0.00000000e+00    1.00000000e+00 -4.17500000e-01  
  9.20000000e-01    1.25000001e-01    5.14594349e-09    0.00000000e+00    0.00000000e+00    1.00000001e-01    0.00000000e+00    1.00000000e+00 -4.22500000e-01  
  9.25000000e-01    1.25000000e-01    2.32863365e-09    0.00000000e+00    0.00000000e+00    1.00000000e-01    0.00000000e+00    1.00000000e+00 -4.27500000e-01  
  9.30000000e-01    1.25000000e-01    1.07642628e-09    0.00000000e+00    0.00000000e+00    1.00000000e-01    0.00000000e+00    1.00000000e+00 -4.32500000e-01  
  9.35000000e-01    1.25000000e-01    5.59178317e-10    0.00000000e+00    0.00000000e+00    1.00000000e-01    0.00000000e+00    1.00000000e+00 -4.37500000e-01  
  9.40000000e-01    1.25000000e-01    2.90727178e-10    0.00000000e+00    0.00000000e+00    1.00000000e-01    0.00000000e+00    1.00000000e+00 -4.42500000e-01  
  9.45000000e-01    1.25000000e-01    1.35248453e-10    0.00000000e+00    0.00000000e+00    1.00000000e-01    0.00000000e+00    1.00000000e+00 -4.47500000e-01  
  9.50000000e-01    1.25000000e-01    6.98901524e-11    0.00000000e+00    0.00000000e+00    1.00000000e-01    0.00000000e+00    1.00000000e+00 -4.52500000e-01  
  9.55000000e-01    1.25000000e-01    3.62085212e-11    0.00000000e+00    0.00000000e+00    1.00000000e-01    0.00000000e+00    1.00000000e+00 -4.57500000e-01  
  9.60000000e-01    1.25000000e-01    1.68269788e-11    0.00000000e+00    0.00000000e+00    1.00000000e-01    0.00000000e+00    1.00000000e+00 -4.62500000e-01  
  9.65000000e-01    1.25000000e-01    8.66903331e-12    0.00000000e+00    0.00000000e+00    1.00000000e-01    0.00000000e+00    1.00000000e+00 -4.67500000e-01  
  9.70000000e-01    1.25000000e-01    4.47410498e-12    0.00000000e+00    0.00000000e+00    1.00000000e-01    0.00000000e+00    1.00000000e+00 -4.72500000e-01  
  9.75000000e-01    1.25000000e-01    2.06650639e-12    0.00000000e+00    0.00000000e+00    1.00000000e-01    0.00000000e+00    1.00000000e+00 -4.77500000e-01  
  9.80000000e-01    1.25000000e-01    1.05787984e-12    0.00000000e+00    0.00000000e+00    1.00000000e-01    0.00000000e+00    1.00000000e+00 -4.82500000e-01  
  9.85000000e-01    1.25000000e-01    5.41746779e-13    0.00000000e+00    0.00000000e+00    1.00000000e-01    0.00000000e+00    1.00000000e+00 -4.87500000e-01  
  9.90000000e-01    1.25000000e-01    2.47289531e-13    0.00000000e+00    0.00000000e+00    1.00000000e-01    0.00000000e+00    1.00000000e+00 -4.92500000e-01  
  9.95000000e-01    1.25000000e-01    1.25366243e-13    0.00000000e+00    0.00000000e+00    1.00000000e-01    0.00000000e+00    1.00000000e+00 -4.97500000e-01  
