## Line: (2.500000e-03, 0.000000e+00, 0.000000e+00) -> (9.975000e-01, 0.000000e+00, 0.000000e+00)
## Number of points: 200 (h = 5.000000e-03)
## Time: 0.000000e+00, Time step: 0.
## Coordinate  |  Density  |  Velocity (Vx,Vy,Vz)  |  Pressure  |  Temperature  |  Material ID  |  LevelSet(s)
  0.00000000e+00    1.00000000e+00    0.00000000e+00    0.00000000e+00    0.00000000e+00    1.00000000e+00    0.00000000e+00    0.00000000e+00  4.97500000e-01  
  5.00000000e-03    1.00000000e+00    0.00000000e+00    0.00000000e+00    0.00000000e+00    1.00000000e+00    0.00000000e+00    0.00000000e+00  4.92500000e-01  
  1.00000000e-02    1.00000000e+00    0.00000000e+00    0.00000000e+00    0.00000000e+00    1.00000000e+00    0.00000000e+00    0.00000000e+00  4.87500000e-01  
  1.50000000e-02    1.00000000e+00    0.00000000e+00    0.00000000e+00    0.00000000e+00    1.00000000e+00    0.00000000e+00    0.00000000e+00  4.82500000e-01  
  2.00000000e-02    1.00000000e+00    0.00000000e+00    0.00000000e+00    0.00000000e+00    1.00000000e+00    0.00000000e+00    0.00000000e+00  4.77500000e-01  
  2.50000000e-02    1.00000000e+00    0.00000000e+00    0.00000000e+00    0.00000000e+00    1.00000000e+00    0.00000000e+00    0.00000000e+00  4.72500000e-01  
  3.00000000e-02    1.00000000e+00    0.00000000e+00    0.00000000e+00    0.00000000e+00    1.00000000e+00    0.00000000e+00    0.00000000e+00  4.67500000e-01  
  3.50000000e-02    1.00000000e+00    0.00000000e+00    0.00000000e+00    0.00000000e+00    1.00000000e+00    0.00000000e+00    0.00000000e+00  4.62500000e-01  
  4.00000000e-02    1.00000000e+00    0.00000000e+00    0.00000000e+00    0.00000000e+00    1.00000000e+00    0.00000000e+00    0.00000000e+00  4.57500000e-01  
  4.50000000e-02    1.00000000e+00    0.00000000e+00    0.00000000e+00    0.00000000e+00    1.00000000e+00    0.00000000e+00    0.00000000e+00  4.52500000e-01  
  5.00000000e-02    1.00000000e+00    0.00000000e+00    0.00000000e+00    0.00000000e+00    1.00000000e+00    0.00000000e+00    0.00000000e+00  4.47500000e-01  
  5.50000000e-02    1.00000000e+00    0.00000000e+00    0.00000000e+00    0.00000000e+00    1.00000000e+00    0.00000000e+00    0.00000000e+00  4.42500000e-01  
  6.00000000e-02    1.00000000e+00    0.00000000e+00    0.00000000e+00    0.00000000e+00    1.00000000e+00    0.00000000e+00    0.00000000e+00  4.37500000e-01  
  6.50000000e-02    1.00000000e+00    0.00000000e+00    0.00000000e+00    0.00000000e+00    1.00000000e+00    0.00000000e+00    0.00000000e+00  4.32500000e-01  
  7.00000000e-02    1.00000000e+00    0.00000000e+00    0.00000000e+00    0.00000000e+00    1.00000000e+00    0.00000000e+00    0.00000000e+00  4.27500000e-01  
  7.50000000e-02    1.00000000e+00    0.00000000e+00    0.00000000e+00    0.00000000e+00    1.00000000e+00    0.00000000e+00    0.00000000e+00  4.22500000e-01  
  8.00000000e-02    1.00000000e+00    0.00000000e+00    0.00000000e+00    0.00000000e+00    1.00000000e+00    0.00000000e+00    0.00000000e+00  4.17500000e-01  
  8.50000000e-02    1.00000000e+00    0.00000000e+00    0.00000000e+00    0.00000000e+00    1.00000000e+00    0.00000000e+00    0.00000000e+00  4.12500000e-01  
  9.00000000e-02    1.00000000e+00    0.00000000e+00    0.00000000e+00    0.00000000e+00    1.00000000e+00    0.00000000e+00    0.00000000e+00  4.07500000e-01  
  9.50000000e-02    1.00000000e+00    0.00000000e+00    0.00000000e+00    0.00000000e+00    1.00000000e+00    0.00000000e+00    0.00000000e+00  4.02500000e-01  
  1.00000000e-01    1.00000000e+00    0.00000000e+00    0.00000000e+00    0.00000000e+00    1.00000000e+00    0.00000000e+00    0.00000000e+00  3.97500000e-01  
  1.05000000e-01    1.00000000e+00    0.00000000e+00    0.00000000e+00    0.00000000e+00    1.00000000e+00    0.00000000e+00    0.00000000e+00  3.92500000e-01  
  1.10000000e-01    1.00000000e+00    0.00000000e+00    0.00000000e+00    0.00000000e+00    1.00000000e+00    0.00000000e+00    0.00000000e+00  3.87500000e-01  
  1.15000000e-01    1.00000000e+00    0.00000000e+00    0.00000000e+00    0.00000000e+00    1.00000000e+00    0.00000000e+00    0.00000000e+00  3.82500000e-01  
  1.20000000e-01    1.00000000e+00    0.00000000e+00    0.00000000e+00    0.00000000e+00    1.00000000e+00    0.00000000e+00    0.00000000e+00  3.77500000e-01  
  1.25000000e-01    1.00000000e+00    0.00000000e+00    0.00000000e+00    0.00000000e+00    1.00000000e+00    0.00000000e+00    0.00000000e+00  3.72500000e-01  
  1.30000000e-01    1.00000000e+00    0.00000000e+00    0.00000000e+00    0.00000000e+00    1.00000000e+00    0.00000000e+00    0.00000000e+00  3.67500000e-01  
  1.35000000e-01    1.00000000e+00    5.83399787e-18    0.00000000e+00    0.00000000e+00    1.00000000e+00    0.00000000e+00    0.00000000e+00  3.62500000e-01  
  1.40000000e-01    1.00000000e+00    2.91699893e-17    0.00000000e+00    0.00000000e+00    1.00000000e+00    0.00000000e+00    0.00000000e+00  3.57500000e-01  
  1.45000000e-01    1.00000000e+00    1.15421210e-16    0.00000000e+00    0.00000000e+00    1.00000000e+00    0.00000000e+00    0.00000000e+00  3.52500000e-01  
  1.50000000e-01    1.00000000e+00    2.75701817e-16    0.00000000e+00    0.00000000e+00    1.00000000e+00    0.00000000e+00    0.00000000e+00  3.47500000e-01  
  1.55000000e-01    1.00000000e+00    5.95155352e-16    0.00000000e+00    0.00000000e+00    1.00000000e+00    0.00000000e+00    0.00000000e+00  3.42500000e-01  
  1.60000000e-01    1.00000000e+00    1.58442065e-15    0.00000000e+00    0.00000000e+00    1.00000000e+00    0.00000000e+00    0.00000000e+00  3.37500000e-01  
  1.65000000e-01    1.00000000e+00    3.58849739e-15    0.00000000e+00    0.00000000e+00    1.00000000e+00    0.00000000e+00    0.00000000e+00  3.32500000e-01  
  1.70000000e-01    1.00000000e+00    7.96719664e-15    0.00000000e+00    0.00000000e+00    1.00000000e+00    0.00000000e+00    0.00000000e+00  3.27500000e-01  
  1.75000000e-01    1.00000000e+00    1.97950391e-14    0.00000000e+00    0.00000000e+00    1.00000000e+00    0.00000000e+00    0.00000000e+00  3.22500000e-01  
  1.80000000e-01    1.00000000e+00    4.18806225e-14    0.00000000e+00    0.00000000e+00    1.00000000e+00    0.00000000e+00    0.00000000e+00  3.17500000e-01  
  1.85000000e-01    1.00000000e+00    8.72902854e-14    0.00000000e+00    0.00000000e+00    1.00000000e+00    0.00000000e+00    0.00000000e+00  3.12500000e-01  
  1.90000000e-01    1.00000000e+00    2.01753495e-13    0.00000000e+00    0.00000000e+00    1.00000000e+00    0.00000000e+00    0.00000000e+00  3.07500000e-01  
  1.95000000e-01    1.00000000e+00    4.04159315e-13    0.00000000e+00    0.00000000e+00    1.00000000e+00    0.00000000e+00    0.00000000e+00  3.02500000e-01  
  2.00000000e-01    1.00000000e+00    8.01339420e-13    0.00000000e+00    0.00000000e+00    1.00000000e+00    0.00000000e+00    0.00000000e+00  2.97500000e-01  
  2.05000000e-01    1.00000000e+00    1.72032034e-12    0.00000000e+00    0.00000000e+00    1.00000000e+00    0.00000000e+00    0.00000000e+00  2.92500000e-01  
  2.10000000e-01    1.00000000e+00    3.25638806e-12    0.00000000e+00    0.00000000e+00    1.00000000e+00    0.00000000e+00    0.00000000e+00  2.87500000e-01  
  2.15000000e-01    1.00000000e+00    6.12191535e-12    0.00000000e+00    0.00000000e+00    1.00000000e+00    0.00000000e+00    0.00000000e+00  2.82500000e-01  
  2.20000000e-01    1.00000000e+00    1.22022216e-11    0.00000000e+00    0.00000000e+00    1.00000000e+00    0.00000000e+00    0.00000000e+00  2.77500000e-01  
  2.25000000e-01    1.00000000e+00    2.18129788e-11    0.00000000e+00    0.00000000e+00    1.00000000e+00    0.00000000e+00    0.00000000e+00  2.72500000e-01  
  2.30000000e-01    1.00000000e+00    3.88003103e-11    0.00000000e+00    0.00000000e+00    1.00000000e+00    0.00000000e+00    0.00000000e+00  2.67500000e-01  
  2.35000000e-01    1.00000000e+00    7.18539036e-11    0.00000000e+00    0.00000000e+00    1.00000000e+00    0.00000000e+00    0.00000000e+00  2.62500000e-01  
  2.40000000e-01    1.00000000e+00    1.21354689e-10    0.00000000e+00    0.00000000e+00    1.00000000e+00    0.00000000e+00    0.00000000e+00  2.57500000e-01  
  2.45000000e-01    1.00000000e+00    2.04130788e-10    0.00000000e+00    0.00000000e+00    1.00000000e+00    0.00000000e+00    0.00000000e+00  2.52500000e-01  
  2.50000000e-01    1.00000000e+00    3.52509077e-10    0.00000000e+00    0.00000000e+00    1.00000000e+00    0.00000000e+00    0.00000000e+00  2.47500000e-01  
  2.55000000e-01    1.00000000e+00    5.63862733e-10    0.00000000e+00    0.00000000e+00    9.99999999e-01    0.00000000e+00    0.00000000e+00  2.42500000e-01  
  2.60000000e-01    9.99999999e-01    8.98540298e-10    0.00000000e+00    0.00000000e+00    9.99999999e-01    0.00000000e+00    0.00000000e+00  2.37500000e-01  
  2.65000000e-01    9.99999999e-01    1.45668934e-09    0.00000000e+00    0.00000000e+00    9.99999998e-01    0.00000000e+00    0.00000000e+00  2.32500000e-01  
  2.70000000e-01    9.99999998e-01    2.19822451e-09    0.00000000e+00    0.00000000e+00    9.99999997e-01    0.00000000e+00    0.00000000e+00  2.27500000e-01  
  2.75000000e-01    9.99999997e-01    3.26644657e-09    0.00000000e+00    0.00000000e+00    9.99999996e-01    0.00000000e+00    0.00000000e+00  2.22500000e-01  
  2.80000000e-01    9.99999995e-01    6.07935254e-09    0.00000000e+00    0.00000000e+00    9.99999993e-01    0.00000000e+00    0.00000000e+00  2.17500000e-01  
  2.85000000e-01    9.99999988e-01    1.38246083e-08    0.00000000e+00    0.00000000e+00    9.99999984e-01    0.00000000e+00    0.00000000e+00  2.12500000e-01  
  2.90000000e-01    9.99999971e-01    3.46222298e-08    0.00000000e+00    0.00000000e+00    9.99999959e-01    0.00000000e+00    0.00000000e+00  2.07500000e-01  
  2.95000000e-01    9.99999906e-01    1.11253529e-07    0.00000000e+00    0.00000000e+00    9.99999868e-01    0.00000000e+00    0.00000000e+00  2.02500000e-01  
  3.00000000e-01    9.99999762e-01    2.82171083e-07    0.00000000e+00    0.00000000e+00    9.99999666e-01    0.00000000e+00    0.00000000e+00  1.97500001e-01  
  3.05000000e-01    9.99999425e-01    6.80113718e-07    0.00000000e+00    0.00000000e+00    9.99999195e-01    0.00000000e+00    0.00000000e+00  1.92500002e-01  
  3.10000000e-01    9.99998340e-01    1.96398983e-06    0.00000000e+00    0.00000000e+00    9.99997676e-01    0.00000000e+00    0.00000000e+00  1.87500007e-01  
  3.15000000e-01    9.99996082e-01    4.63585020e-06    0.00000000e+00    0.00000000e+00    9.99994515e-01    0.00000000e+00    0.00000000e+00  1.82500018e-01  
  3.20000000e-01    9.99991053e-01    1.05857299e-05    0.00000000e+00    0.00000000e+00    9.99987475e-01    0.00000000e+00    0.00000000e+00  1.77500042e-01  
  3.25000000e-01    9.99976353e-01    2.79801714e-05    0.00000000e+00    0.00000000e+00    9.99966894e-01    0.00000000e+00    0.00000000e+00  1.72500116e-01  
  3.30000000e-01    9.99947851e-01    6.17049760e-05    0.00000000e+00    0.00000000e+00    9.99926993e-01    0.00000000e+00    0.00000000e+00  1.67500265e-01  
  3.35000000e-01    9.99887619e-01    1.32976308e-04    0.00000000e+00    0.00000000e+00    9.99842673e-01    0.00000000e+00    0.00000000e+00  1.62500591e-01  
  3.40000000e-01    9.99730111e-01    3.19375783e-04    0.00000000e+00    0.00000000e+00    9.99622193e-01    0.00000000e+00    0.00000000e+00  1.57501499e-01  
  3.45000000e-01    9.99448001e-01    6.53305358e-04    0.00000000e+00    0.00000000e+00    9.99227362e-01    0.00000000e+00    0.00000000e+00  1.52503202e-01  
  3.50000000e-01    9.98889367e-01    1.31469709e-03    0.00000000e+00    0.00000000e+00    9.98445632e-01    0.00000000e+00    0.00000000e+00  1.47506709e-01  
  3.55000000e-01    9.97609707e-01    2.83140735e-03    0.00000000e+00    0.00000000e+00    9.96656179e-01    0.00000000e+00    0.00000000e+00  1.42515394e-01  
  3.60000000e-01    9.95523195e-01    5.30842592e-03    0.00000000e+00    0.00000000e+00    9.93741178e-01    0.00000000e+00    0.00000000e+00  1.37530361e-01  
  3.65000000e-01    9.91737155e-01    9.81105087e-03    0.00000000e+00    0.00000000e+00    9.88457257e-01    0.00000000e+00    0.00000000e+00  1.32558997e-01  
  3.70000000e-01    9.84445155e-01    1.85414265e-02    0.00000000e+00    0.00000000e+00    9.78316587e-01    0.00000000e+00    0.00000000e+00  1.27620260e-01  
  3.75000000e-01    9.74136066e-01    3.09697292e-02    0.00000000e+00    0.00000000e+00    9.64030121e-01    0.00000000e+00    0.00000000e+00  1.22714908e-01  
  3.80000000e-01    9.58281665e-01    5.02640630e-02    0.00000000e+00    0.00000000e+00    9.42163015e-01    0.00000000e+00    0.00000000e+00  1.17877077e-01  
  3.85000000e-01    9.37206157e-01    7.64247443e-02    0.00000000e+00    0.00000000e+00    9.13373979e-01    0.00000000e+00    0.00000000e+00  1.13150123e-01  
  3.90000000e-01    9.13526030e-01    1.06216600e-01    0.00000000e+00    0.00000000e+00    8.81238352e-01    0.00000000e+00    0.00000000e+00  1.08506931e-01  
  3.95000000e-01    8.87253150e-01    1.40035632e-01    0.00000000e+00    0.00000000e+00    8.45984877e-01    0.00000000e+00    0.00000000e+00  1.04004142e-01  
  4.00000000e-01    8.60252508e-01    1.75769020e-01    0.00000000e+00    0.00000000e+00    8.10244914e-01    0.00000000e+00    0.00000000e+00  9.96527200e-02  
  4.05000000e-01    8.33016489e-01    2.12491803e-01    0.00000000e+00    0.00000000e+00    7.74524388e-01    0.00000000e+00    0.00000000e+00  9.54028906e-02  
  4.10000000e-01    8.05802100e-01    2.50268418e-01    0.00000000e+00    0.00000000e+00    7.39348663e-01    0.00000000e+00    0.00000000e+00  9.13064729e-02  
  4.15000000e-01    7.78927036e-01    2.88728066e-01    0.00000000e+00    0.00000000e+00    7.05130999e-01    0.00000000e+00    0.00000000e+00  8.73619670e-02  
  4.20000000e-01    7.52332691e-01    3.27575901e-01    0.00000000e+00    0.00000000e+00    6.71615610e-01    0.00000000e+00    0.00000000e+00  8.35176648e-02  
  4.25000000e-01    7.26241177e-01    3.66905264e-01    0.00000000e+00    0.00000000e+00    6.39248983e-01    0.00000000e+00    0.00000000e+00  7.98220613e-02  
  4.30000000e-01    7.00741262e-01    4.06596223e-01    0.00000000e+00    0.00000000e+00    6.08114810e-01    0.00000000e+00    0.00000000e+00  7.62710199e-02  
  4.35000000e-01    6.75651523e-01    4.46503683e-01    0.00000000e+00    0.00000000e+00    5.77810504e-01    0.00000000e+00    0.00000000e+00  7.28148109e-02  
  4.40000000e-01    6.51200718e-01    4.86699045e-01    0.00000000e+00    0.00000000e+00    5.48763349e-01    0.00000000e+00    0.00000000e+00  6.94985376e-02  
  4.45000000e-01    6.27410208e-01    5.27133872e-01    0.00000000e+00    0.00000000e+00    5.20966511e-01    0.00000000e+00    0.00000000e+00  6.63172668e-02  
  4.50000000e-01    6.04066905e-01    5.67713720e-01    0.00000000e+00    0.00000000e+00    4.93996918e-01    0.00000000e+00    0.00000000e+00  6.32243460e-02  
  4.55000000e-01    5.81404927e-01    6.08489162e-01    0.00000000e+00    0.00000000e+00    4.68258741e-01    0.00000000e+00    0.00000000e+00  6.02614729e-02  
  4.60000000e-01    5.59449126e-01    6.49383417e-01    0.00000000e+00    0.00000000e+00    4.43742446e-01    0.00000000e+00    0.00000000e+00  5.74233912e-02  
  4.65000000e-01    5.37983161e-01    6.90290884e-01    0.00000000e+00    0.00000000e+00    4.20056843e-01    0.00000000e+00    0.00000000e+00  5.46665848e-02  
  4.70000000e-01    5.17280528e-01    7.31119175e-01    0.00000000e+00    0.00000000e+00    3.97641435e-01    0.00000000e+00    0.00000000e+00  5.20288131e-02  
  4.75000000e-01    4.97535535e-01    7.71265860e-01    0.00000000e+00    0.00000000e+00    3.76700910e-01    0.00000000e+00    0.00000000e+00  4.95034474e-02  
  4.80000000e-01    4.78898999e-01    8.10420325e-01    0.00000000e+00    0.00000000e+00    3.56940310e-01    0.00000000e+00    0.00000000e+00  4.70499039e-02  
  4.85000000e-01    4.62630196e-01    8.47279735e-01    0.00000000e+00    0.00000000e+00    3.39244599e-01    0.00000000e+00    0.00000000e+00  4.46994212e-02  
  4.90000000e-01    4.47189447e-01    8.78558715e-01    0.00000000e+00    0.00000000e+00    3.24862726e-01    0.00000000e+00    0.00000000e+00  4.24343002e-02  
  4.95000000e-01    4.34101178e-01    9.04792687e-01    0.00000000e+00    0.00000000e+00    3.13079802e-01    0.00000000e+00    0.00000000e+00  4.02163804e-02  
  5.00000000e-01    4.27242301e-01    9.21472062e-01    0.00000000e+00    0.00000000e+00    3.05779888e-01    0.00000000e+00    0.00000000e+00  3.80547029e-02  
  5.05000000e-01    4.25731318e-01    9.29218393e-01    0.00000000e+00    0.00000000e+00    3.02463879e-01    0.00000000e+00    0.00000000e+00  3.59140859e-02  
  5.10000000e-01    4.25969282e-01    9.32714782e-01    0.00000000e+00    0.00000000e+00    3.01009003e-01    0.00000000e+00    0.00000000e+00  3.37814125e-02  
  5.15000000e-01    4.26106189e-01    9.32394390e-01    0.00000000e+00    0.00000000e+00    3.01153620e-01    0.00000000e+00    0.00000000e+00  3.16515094e-02  
  5.20000000e-01    4.25603306e-01    9.31654203e-01    0.00000000e+00    0.00000000e+00    3.01475671e-01    0.00000000e+00    0.00000000e+00  2.95314377e-02  
  5.25000000e-01    4.24635687e-01    9.30863332e-01    0.00000000e+00    0.00000000e+00    3.01824303e-01    0.00000000e+00    0.00000000e+00  2.74173794e-02  
  5.30000000e-01    4.22913647e-01    9.30340205e-01    0.00000000e+00    0.00000000e+00    3.02075248e-01    0.00000000e+00    0.00000000e+00  2.53115302e-02  
  5.35000000e-01    4.21892071e-01    9.30014501e-01    0.00000000e+00    0.00000000e+00    3.02243084e-01    0.00000000e+00    0.00000000e+00  2.31715198e-02  
  5.40000000e-01    4.21327902e-01    9.29761672e-01    0.00000000e+00    0.00000000e+00    3.02370407e-01    0.00000000e+00    0.00000000e+00  2.09996029e-02  
  5.45000000e-01    4.21435493e-01    9.29530045e-01    0.00000000e+00    0.00000000e+00    3.02459296e-01    0.00000000e+00    0.00000000e+00  1.87661282e-02  
  5.50000000e-01    4.21992144e-01    9.29291655e-01    0.00000000e+00    0.00000000e+00    3.02518356e-01    0.00000000e+00    0.00000000e+00  1.65659633e-02  
  5.55000000e-01    4.22935783e-01    9.29045990e-01    0.00000000e+00    0.00000000e+00    3.02564363e-01    0.00000000e+00    0.00000000e+00  1.44473827e-02  
  5.60000000e-01    4.24591327e-01    9.28785261e-01    0.00000000e+00    0.00000000e+00    3.02601040e-01    0.00000000e+00    0.00000000e+00  1.25402449e-02  
  5.65000000e-01    4.26411298e-01    9.28572012e-01    0.00000000e+00    0.00000000e+00    3.02639783e-01    0.00000000e+00    0.00000000e+00  1.08344738e-02  
  5.70000000e-01    4.27972313e-01    9.28431915e-01    0.00000000e+00    0.00000000e+00    3.02684454e-01    0.00000000e+00    0.00000000e+00  9.11294049e-03  
  5.75000000e-01    4.28592032e-01    9.28463796e-01    0.00000000e+00    0.00000000e+00    3.02744847e-01    0.00000000e+00    0.00000000e+00  7.14275362e-03  
  5.80000000e-01    4.28798890e-01    9.28640281e-01    0.00000000e+00    0.00000000e+00    3.02801334e-01    0.00000000e+00    0.00000000e+00  4.14385997e-03  
  5.85000000e-01    4.02232319e-01    9.28836500e-01    0.00000000e+00    0.00000000e+00    3.02868138e-01    0.00000000e+00    1.66666667e-01  2.42601813e-04  
  5.90000000e-01    2.95758317e-01    9.28947312e-01    0.00000000e+00    0.00000000e+00    3.02969799e-01    0.00000000e+00    8.33333333e-01 -5.33704313e-03  
  5.95000000e-01    2.65953454e-01    9.29091383e-01    0.00000000e+00    0.00000000e+00    3.03061807e-01    0.00000000e+00    1.00000000e+00 -1.27071520e-02  
  6.00000000e-01    2.62433522e-01    9.29217201e-01    0.00000000e+00    0.00000000e+00    3.03140279e-01    0.00000000e+00    1.00000000e+00 -2.11222111e-02  
  6.05000000e-01    2.61099240e-01    9.29255000e-01    0.00000000e+00    0.00000000e+00    3.03187798e-01    0.00000000e+00    1.00000000e+00 -3.08816568e-02  
  6.10000000e-01    2.60730492e-01    9.29141527e-01    0.00000000e+00    0.00000000e+00    3.03186116e-01    0.00000000e+00    1.00000000e+00 -4.13244350e-02  
  6.15000000e-01    2.60781787e-01    9.28965161e-01    0.00000000e+00    0.00000000e+00    3.03164676e-01    0.00000000e+00    1.00000000e+00 -5.20459806e-02  
  6.20000000e-01    2.61127679e-01    9.28751391e-01    0.00000000e+00    0.00000000e+00    3.03133160e-01    0.00000000e+00    1.00000000e+00 -6.29204959e-02  
  6.25000000e-01    2.61675269e-01    9.27870920e-01    0.00000000e+00    0.00000000e+00    3.02868094e-01    0.00000000e+00    1.00000000e+00 -7.37088933e-02  
  6.30000000e-01    2.62244540e-01    9.26776289e-01    0.00000000e+00    0.00000000e+00    3.02522973e-01    0.00000000e+00    1.00000000e+00 -8.44259514e-02  
  6.35000000e-01    2.62677157e-01    9.25705882e-01    0.00000000e+00    0.00000000e+00    3.02171239e-01    0.00000000e+00    1.00000000e+00 -9.50151093e-02  
  6.40000000e-01    2.62404940e-01    9.21397009e-01    0.00000000e+00    0.00000000e+00    3.00830407e-01    0.00000000e+00    1.00000000e+00 -1.05524284e-01  
  6.45000000e-01    2.61828902e-01    9.16135344e-01    0.00000000e+00    0.00000000e+00    2.99114075e-01    0.00000000e+00    1.00000000e+00 -1.15979863e-01  
  6.50000000e-01    2.61046232e-01    9.11253768e-01    0.00000000e+00    0.00000000e+00    2.97260344e-01    0.00000000e+00    1.00000000e+00 -1.26354641e-01  
  6.55000000e-01    2.57643865e-01    8.91956319e-01    0.00000000e+00    0.00000000e+00    2.91401832e-01    0.00000000e+00    1.00000000e+00 -1.36581664e-01  
  6.60000000e-01    2.53247041e-01    8.68187750e-01    0.00000000e+00    0.00000000e+00    2.84030380e-01    0.00000000e+00    1.00000000e+00 -1.46669037e-01  
  6.65000000e-01    2.48486541e-01    8.45421693e-01    0.00000000e+00    0.00000000e+00    2.76124888e-01    0.00000000e+00    1.00000000e+00 -1.56485213e-01  
  6.70000000e-01    2.31865052e-01    7.55697048e-01    0.00000000e+00    0.00000000e+00    2.50687306e-01    0.00000000e+00    1.00000000e+00 -1.65608055e-01  
  6.75000000e-01    2.07958224e-01    6.15967302e-01    0.00000000e+00    0.00000000e+00    2.14849167e-01    0.00000000e+00    1.00000000e+00 -1.74068506e-01  
  6.80000000e-01    1.74056367e-01    3.93180846e-01    0.00000000e+00    0.00000000e+00    1.65341444e-01    0.00000000e+00    1.00000000e+00 -1.81235122e-01  
  6.85000000e-01    1.47813786e-01    1.90534177e-01    0.00000000e+00    0.00000000e+00    1.29419417e-01    0.00000000e+00    1.00000000e+00 -1.87104172e-01  
  6.90000000e-01    1.29294183e-01    3.70730216e-02    0.00000000e+00    0.00000000e+00    1.04995020e-01    0.00000000e+00    1.00000000e+00 -1.92441864e-01  
  6.95000000e-01    1.26284242e-01    1.10286191e-02    0.00000000e+00    0.00000000e+00    1.01477820e-01    0.00000000e+00    1.00000000e+00 -1.97483049e-01  
  7.00000000e-01    1.25291530e-01    2.47600826e-03    0.00000000e+00    0.00000000e+00    1.00328003e-01    0.00000000e+00    1.00000000e+00 -2.02496347e-01  
  7.05000000e-01    1.25043584e-01    3.69123912e-04    0.00000000e+00    0.00000000e+00    1.00048837e-01    0.00000000e+00    1.00000000e+00 -2.07499447e-01  
  7.10000000e-01    1.25012709e-01    1.07627625e-04    0.00000000e+00    0.00000000e+00    1.00014239e-01    0.00000000e+00    1.00000000e+00 -2.12499839e-01  
  7.15000000e-01    1.25002736e-01    2.31675753e-05    0.00000000e+00    0.00000000e+00    1.00003065e-01    0.00000000e+00    1.00000000e+00 -2.17499966e-01  
  7.20000000e-01    1.25000409e-01    3.46660417e-06    0.00000000e+00    0.00000000e+00    1.00000459e-01    0.00000000e+00    1.00000000e+00 -2.22499995e-01  
  7.25000000e-01    1.25000119e-01    1.00663346e-06    0.00000000e+00    0.00000000e+00    1.00000133e-01    0.00000000e+00    1.00000000e+00 -2.27499998e-01  
  7.30000000e-01    1.25000026e-01    2.14898920e-07    0.00000000e+00    0.00000000e+00    1.00000029e-01    0.00000000e+00    1.00000000e+00 -2.32500000e-01  
  7.35000000e-01    1.25000004e-01    3.27658982e-08    0.00000000e+00    0.00000000e+00    1.00000004e-01    0.00000000e+00    1.00000000e+00 -2.37500000e-01  
  7.40000000e-01    1.25000001e-01    1.12012560e-08    0.00000000e+00    0.00000000e+00    1.00000002e-01    0.00000000e+00    1.00000000e+00 -2.42500000e-01  
  7.45000000e-01    1.25000000e-01    3.81580161e-09    0.00000000e+00    0.00000000e+00    1.00000001e-01    0.00000000e+00    1.00000000e+00 -2.47500000e-01  
  7.50000000e-01    1.25000000e-01    1.61421863e-09    0.00000000e+00    0.00000000e+00    1.00000000e-01    0.00000000e+00    1.00000000e+00 -2.52500000e-01  
  7.55000000e-01    1.25000000e-01    7.85061880e-10    0.00000000e+00    0.00000000e+00    1.00000000e-01    0.00000000e+00    1.00000000e+00 -2.57500000e-01  
  7.60000000e-01    1.25000000e-01    3.81327791e-10    0.00000000e+00    0.00000000e+00    1.00000000e-01    0.00000000e+00    1.00000000e+00 -2.62500000e-01  
  7.65000000e-01    1.25000000e-01    1.63669278e-10    0.00000000e+00    0.00000000e+00    1.00000000e-01    0.00000000e+00    1.00000000e+00 -2.67500000e-01  
  7.70000000e-01    1.25000000e-01    7.88148321e-11    0.00000000e+00    0.00000000e+00    1.00000000e-01    0.00000000e+00    1.00000000e+00 -2.72500000e-01  
  7.75000000e-01    1.25000000e-01    3.74969788e-11    0.00000000e+00    0.00000000e+00    1.00000000e-01    0.00000000e+00    1.00000000e+00 -2.77500000e-01  
  7.80000000e-01    1.25000000e-01    1.53443934e-11    0.00000000e+00    0.00000000e+00    1.00000000e-01    0.00000000e+00    1.00000000e+00 -2.82500000e-01  
  7.85000000e-01    1.25000000e-01    7.15101948e-12    0.00000000e+00    0.00000000e+00    1.00000000e-01    0.00000000e+00    1.00000000e+00 -2.87500000e-01  
  7.90000000e-01    1.25000000e-01    3.27708304e-12    0.00000000e+00    0.00000000e+00    1.00000000e-01    0.00000000e+00    1.00000000e+00 -2.92500000e-01  
  7.95000000e-01    1.25000000e-01    1.27618250e-12    0.00000000e+00    0.00000000e+00    1.00000000e-01    0.00000000e+00    1.00000000e+00 -2.97500000e-01  
  8.00000000e-01    1.25000000e-01    5.74952178e-13    0.00000000e+00    0.00000000e+00    1.00000000e-01    0.00000000e+00    1.00000000e+00 -3.02500000e-01  
  8.05000000e-01    1.25000000e-01    2.53010275e-13    0.00000000e+00    0.00000000e+00    1.00000000e-01    0.00000000e+00    1.00000000e+00 -3.07500000e-01  
  8.10000000e-01    1.25000000e-01    9.31893890e-14    0.00000000e+00    0.00000000e+00    1.00000000e-01    0.00000000e+00    1.00000000e+00 -3.12500000e-01  
  8.15000000e-01    1.25000000e-01    4.04431253e-14    0.00000000e+00    0.00000000e+00    1.00000000e-01    0.00000000e+00    1.00000000e+00 -3.17500000e-01  
  8.20000000e-01    1.25000000e-01    1.69737970e-14    0.00000000e+00    0.00000000e+00    1.00000000e-01    0.00000000e+00    1.00000000e+00 -3.22500000e-01  
  8.25000000e-01    1.25000000e-01    5.82712244e-15    0.00000000e+00    0.00000000e+00    1.00000000e-01    0.00000000e+00    1.00000000e+00 -3.27500000e-01  
  8.30000000e-01    1.25000000e-01    2.37147371e-15    0.00000000e+00    0.00000000e+00    1.00000000e-01    0.00000000e+00    1.00000000e+00 -3.32500000e-01  
  8.35000000e-01    1.25000000e-01    9.44414507e-16    0.00000000e+00    0.00000000e+00    1.00000000e-01    0.00000000e+00    1.00000000e+00 -3.37500000e-01  
  8.40000000e-01    1.25000000e-01    3.31716833e-16    0.00000000e+00    0.00000000e+00    1.00000000e-01    0.00000000e+00    1.00000000e+00 -3.42500000e-01  
  8.45000000e-01    1.25000000e-01    1.33514243e-16    0.00000000e+00    0.00000000e+00    1.00000000e-01    0.00000000e+00    1.00000000e+00 -3.47500000e-01  
  8.50000000e-01    1.25000000e-01    4.19817977e-17    0.00000000e+00    0.00000000e+00    1.00000000e-01    0.00000000e+00    1.00000000e+00 -3.52500000e-01  
  8.55000000e-01    1.25000000e-01    0.00000000e+00    0.00000000e+00    0.00000000e+00    1.00000000e-01    0.00000000e+00    1.00000000e+00 -3.57500000e-01  
  8.60000000e-01    1.25000000e-01    0.00000000e+00    0.00000000e+00    0.00000000e+00    1.00000000e-01    0.00000000e+00    1.00000000e+00 -3.62500000e-01  
  8.65000000e-01    1.25000000e-01    0.00000000e+00    0.00000000e+00    0.00000000e+00    1.00000000e-01    0.00000000e+00    1.00000000e+00 -3.67500000e-01  
  8.70000000e-01    1.25000000e-01    0.00000000e+00    0.00000000e+00    0.00000000e+00    1.00000000e-01    0.00000000e+00    1.00000000e+00 -3.72500000e-01  
  8.75000000e-01    1.25000000e-01    0.00000000e+00    0.00000000e+00    0.00000000e+00    1.00000000e-01    0.00000000e+00    1.00000000e+00 -3.77500000e-01  
  8.80000000e-01    1.25000000e-01    0.00000000e+00    0.00000000e+00    0.00000000e+00    1.00000000e-01    0.00000000e+00    1.00000000e+00 -3.82500000e-01  
  8.85000000e-01    1.25000000e-01    0.00000000e+00    0.00000000e+00    0.00000000e+00    1.00000000e-01    0.00000000e+00    1.00000000e+00 -3.87500000e-01  
  8.90000000e-01    1.25000000e-01    0.00000000e+00    0.00000000e+00    0.00000000e+00    1.00000000e-01    0.00000000e+00    1.00000000e+00 -3.92500000e-01  
  8.95000000e-01    1.25000000e-01    0.00000000e+00    0.00000000e+00    0.00000000e+00    1.00000000e-01    0.00000000e+00    1.00000000e+00 -3.97500000e-01  
  9.00000000e-01    1.25000000e-01    0.00000000e+00    0.00000000e+00    0.00000000e+00    1.00000000e-01    0.00000000e+00    1.00000000e+00 -4.02500000e-01  
  9.05000000e-01    1.25000000e-01    0.00000000e+00    0.00000000e+00    0.00000000e+00    1.00000000e-01    0.00000000e+00    1.00000000e+00 -4.07500000e-01  
  9.10000000e-01    1.25000000e-01    0.00000000e+00    0.00000000e+00    0.00000000e+00    1.00000000e-01    0.00000000e+00    1.00000000e+00 -4.12500000e-01  
  9.15000000e-01    1.25000000e-01    0.00000000e+00    0.00000000e+00    0.00000000e+00    1.00000000e-01    0.00000000e+00    1.00000000e+00 -4.17500000e-01  
  9.20000000e-01    1.25000000e-01    0.00000000e+00    0.00000000e+00    0.00000000e+00    1.00000000e-01    0.00000000e+00    1.00000000e+00 -4.22500000e-01  
  9.25000000e-01    1.25000000e-01    0.00000000e+00    0.00000000e+00    0.00000000e+00    1.00000000e-01    0.00000000e+00    1.00000000e+00 -4.27500000e-01  
  9.30000000e-01    1.25000000e-01    0.00000000e+00    0.00000000e+00    0.00000000e+00    1.00000000e-01    0.00000000e+00    1.00000000e+00 -4.32500000e-01  
  9.35000000e-01    1.25000000e-01    0.00000000e+00    0.00000000e+00    0.00000000e+00    1.00000000e-01    0.00000000e+00    1.00000000e+00 -4.37500000e-01  
  9.40000000e-01    1.25000000e-01    0.00000000e+00    0.00000000e+00    0.00000000e+00    1.00000000e-01    0.00000000e+00    1.00000000e+00 -4.42500000e-01  
  9.45000000e-01    1.25000000e-01    0.00000000e+00    0.00000000e+00    0.00000000e+00    1.00000000e-01    0.00000000e+00    1.00000000e+00 -4.47500000e-01  
  9.50000000e-01    1.25000000e-01    0.00000000e+00    0.00000000e+00    0.00000000e+00    1.00000000e-01    0.00000000e+00    1.00000000e+00 -4.52500000e-01  
  9.55000000e-01    1.25000000e-01    0.00000000e+00    0.00000000e+00    0.00000000e+00    1.00000000e-01    0.00000000e+00    1.00000000e+00 -4.57500000e-01  
  9.60000000e-01    1.25000000e-01    0.00000000e+00    0.00000000e+00    0.00000000e+00    1.00000000e-01    0.00000000e+00    1.00000000e+00 -4.62500000e-01  
  9.65000000e-01    1.25000000e-01    0.00000000e+00    0.00000000e+00    0.00000000e+00    1.00000000e-01    0.00000000e+00    1.00000000e+00 -4.67500000e-01  
  9.70000000e-01    1.25000000e-01    0.00000000e+00    0.00000000e+00    0.00000000e+00    1.00000000e-01    0.00000000e+00    1.00000000e+00 -4.72500000e-01  
  9.75000000e-01    1.25000000e-01    0.00000000e+00    0.00000000e+00    0.00000000e+00    1.00000000e-01    0.00000000e+00    1.00000000e+00 -4.77500000e-01  
  9.80000000e-01    1.25000000e-01    0.00000000e+00    0.00000000e+00    0.00000000e+00    1.00000000e-01    0.00000000e+00    1.00000000e+00 -4.82500000e-01  
  9.85000000e-01    1.25000000e-01    0.00000000e+00    0.00000000e+00    0.00000000e+00    1.00000000e-01    0.00000000e+00    1.00000000e+00 -4.87500000e-01  
  9.90000000e-01    1.25000000e-01    0.00000000e+00    0.00000000e+00    0.00000000e+00    1.00000000e-01    0.00000000e+00    1.00000000e+00 -4.92500000e-01  
  9.95000000e-01    1.25000000e-01    0.00000000e+00    0.00000000e+00    0.00000000e+00    1.00000000e-01    0.00000000e+00    1.00000000e+00 -4.97500000e-01  
