## Line: (2.500000e-03, 0.000000e+00, 0.000000e+00) -> (9.975000e-01, 0.000000e+00, 0.000000e+00)
## Number of points: 200 (h = 5.000000e-03)
## Time: 2.720934e-03, Time step: 1.
## Coordinate  |  Density  |  Velocity (Vx,Vy,Vz)  |  Pressure  |  Temperature  |  Material ID  |  LevelSet(s)
  0.00000000e+00    1.00000000e+00    0.00000000e+00    0.00000000e+00    0.00000000e+00    1.00000000e+00    0.00000000e+00    0.00000000e+00  4.97500000e-01  
  5.00000000e-03    1.00000000e+00    0.00000000e+00    0.00000000e+00    0.00000000e+00    1.00000000e+00    0.00000000e+00    0.00000000e+00  4.92500000e-01  
  1.00000000e-02    1.00000000e+00    0.00000000e+00    0.00000000e+00    0.00000000e+00    1.00000000e+00    0.00000000e+00    0.00000000e+00  4.87500000e-01  
  1.50000000e-02    1.00000000e+00    0.00000000e+00    0.00000000e+00    0.00000000e+00    1.00000000e+00    0.00000000e+00    0.00000000e+00  4.82500000e-01  
  2.00000000e-02    1.00000000e+00    0.00000000e+00    0.00000000e+00    0.00000000e+00    1.00000000e+00    0.00000000e+00    0.00000000e+00  4.77500000e-01  
  2.50000000e-02    1.00000000e+00    0.00000000e+00    0.00000000e+00    0.00000000e+00    1.00000000e+00    0.00000000e+00    0.00000000e+00  4.72500000e-01  
  3.00000000e-02    1.00000000e+00    0.00000000e+00    0.00000000e+00    0.00000000e+00    1.00000000e+00    0.00000000e+00    0.00000000e+00  4.67500000e-01  
  3.50000000e-02    1.00000000e+00    0.00000000e+00    0.00000000e+00    0.00000000e+00    1.00000000e+00    0.00000000e+00    0.00000000e+00  4.62500000e-01  
  4.00000000e-02    1.00000000e+00    0.00000000e+00    0.00000000e+00    0.00000000e+00    1.00000000e+00    0.00000000e+00    0.00000000e+00  4.57500000e-01  
  4.50000000e-02    1.00000000e+00    0.00000000e+00    0.00000000e+00    0.00000000e+00    1.00000000e+00    0.00000000e+00    0.00000000e+00  4.52500000e-01  
  5.00000000e-02    1.00000000e+00    0.00000000e+00    0.00000000e+00    0.00000000e+00    1.00000000e+00    0.00000000e+00    0.00000000e+00  4.47500000e-01  
  5.50000000e-02    1.00000000e+00    0.00000000e+00    0.00000000e+00    0.00000000e+00    1.00000000e+00    0.00000000e+00    0.00000000e+00  4.42500000e-01  
  6.00000000e-02    1.00000000e+00    0.00000000e+00    0.00000000e+00    0.00000000e+00    1.00000000e+00    0.00000000e+00    0.00000000e+00  4.37500000e-01  
  6.50000000e-02    1.00000000e+00    0.00000000e+00    0.00000000e+00    0.00000000e+00    1.00000000e+00    0.00000000e+00    0.00000000e+00  4.32500000e-01  
  7.00000000e-02    1.00000000e+00    0.00000000e+00    0.00000000e+00    0.00000000e+00    1.00000000e+00    0.00000000e+00    0.00000000e+00  4.27500000e-01  
  7.50000000e-02    1.00000000e+00    0.00000000e+00    0.00000000e+00    0.00000000e+00    1.00000000e+00    0.00000000e+00    0.00000000e+00  4.22500000e-01  
  8.00000000e-02    1.00000000e+00    0.00000000e+00    0.00000000e+00    0.00000000e+00    1.00000000e+00    0.00000000e+00    0.00000000e+00  4.17500000e-01  
  8.50000000e-02    1.00000000e+00    0.00000000e+00    0.00000000e+00    0.00000000e+00    1.00000000e+00    0.00000000e+00    0.00000000e+00  4.12500000e-01  
  9.00000000e-02    1.00000000e+00    0.00000000e+00    0.00000000e+00    0.00000000e+00    1.00000000e+00    0.00000000e+00    0.00000000e+00  4.07500000e-01  
  9.50000000e-02    1.00000000e+00    0.00000000e+00    0.00000000e+00    0.00000000e+00    1.00000000e+00    0.00000000e+00    0.00000000e+00  4.02500000e-01  
  1.00000000e-01    1.00000000e+00    0.00000000e+00    0.00000000e+00    0.00000000e+00    1.00000000e+00    0.00000000e+00    0.00000000e+00  3.97500000e-01  
  1.05000000e-01    1.00000000e+00    0.00000000e+00    0.00000000e+00    0.00000000e+00    1.00000000e+00    0.00000000e+00    0.00000000e+00  3.92500000e-01  
  1.10000000e-01    1.00000000e+00    0.00000000e+00    0.00000000e+00    0.00000000e+00    1.00000000e+00    0.00000000e+00    0.00000000e+00  3.87500000e-01  
  1.15000000e-01    1.00000000e+00    0.00000000e+00    0.00000000e+00    0.00000000e+00    1.00000000e+00    0.00000000e+00    0.00000000e+00  3.82500000e-01  
  1.20000000e-01    1.00000000e+00    0.00000000e+00    0.00000000e+00    0.00000000e+00    1.00000000e+00    0.00000000e+00    0.00000000e+00  3.77500000e-01  
  1.25000000e-01    1.00000000e+00    0.00000000e+00    0.00000000e+00    0.00000000e+00    1.00000000e+00    0.00000000e+00    0.00000000e+00  3.72500000e-01  
  1.30000000e-01    1.00000000e+00    1.57335620e-17    0.00000000e+00    0.00000000e+00    1.00000000e+00    0.00000000e+00    0.00000000e+00  3.67500000e-01  
  1.35000000e-01    1.00000000e+00    4.77901633e-17    0.00000000e+00    0.00000000e+00    1.00000000e+00    0.00000000e+00    0.00000000e+00  3.62500000e-01  
  1.40000000e-01    1.00000000e+00    1.13082320e-16    0.00000000e+00    0.00000000e+00    1.00000000e+00    0.00000000e+00    0.00000000e+00  3.57500000e-01  
  1.45000000e-01    1.00000000e+00    3.19957517e-16    0.00000000e+00    0.00000000e+00    1.00000000e+00    0.00000000e+00    0.00000000e+00  3.52500000e-01  
  1.50000000e-01    1.00000000e+00    7.42464157e-16    0.00000000e+00    0.00000000e+00    1.00000000e+00    0.00000000e+00    0.00000000e+00  3.47500000e-01  
  1.55000000e-01    1.00000000e+00    1.67028209e-15    0.00000000e+00    0.00000000e+00    1.00000000e+00    0.00000000e+00    0.00000000e+00  3.42500000e-01  
  1.60000000e-01    1.00000000e+00    4.29059332e-15    0.00000000e+00    0.00000000e+00    1.00000000e+00    0.00000000e+00    0.00000000e+00  3.37500000e-01  
  1.65000000e-01    1.00000000e+00    9.32075849e-15    0.00000000e+00    0.00000000e+00    1.00000000e+00    0.00000000e+00    0.00000000e+00  3.32500000e-01  
  1.70000000e-01    1.00000000e+00    1.98879921e-14    0.00000000e+00    0.00000000e+00    1.00000000e+00    0.00000000e+00    0.00000000e+00  3.27500000e-01  
  1.75000000e-01    1.00000000e+00    4.75175754e-14    0.00000000e+00    0.00000000e+00    1.00000000e+00    0.00000000e+00    0.00000000e+00  3.22500000e-01  
  1.80000000e-01    1.00000000e+00    9.76036547e-14    0.00000000e+00    0.00000000e+00    1.00000000e+00    0.00000000e+00    0.00000000e+00  3.17500000e-01  
  1.85000000e-01    1.00000000e+00    1.97996872e-13    0.00000000e+00    0.00000000e+00    1.00000000e+00    0.00000000e+00    0.00000000e+00  3.12500000e-01  
  1.90000000e-01    1.00000000e+00    4.39928157e-13    0.00000000e+00    0.00000000e+00    1.00000000e+00    0.00000000e+00    0.00000000e+00  3.07500000e-01  
  1.95000000e-01    9.66666667e-01    8.55508009e-13    0.00000000e+00    0.00000000e+00    1.00000000e+00    0.00000000e+00    0.00000000e+00  3.02500000e-01  
  2.00000000e-01    8.33333333e-01    1.65049550e-12    0.00000000e+00    0.00000000e+00    1.00000000e+00    0.00000000e+00    0.00000000e+00  2.97500000e-01  
  2.05000000e-01    8.00000000e-01    3.41334602e-12    0.00000000e+00    0.00000000e+00    1.00000000e+00    0.00000000e+00    0.00000000e+00  2.92500000e-01  
  2.10000000e-01    8.00000000e-01    6.28164261e-12    0.00000000e+00    0.00000000e+00    1.00000000e+00    0.00000000e+00    0.00000000e+00  2.87500000e-01  
  2.15000000e-01    8.00000000e-01    1.14984144e-11    0.00000000e+00    0.00000000e+00    1.00000000e+00    0.00000000e+00    0.00000000e+00  2.82500000e-01  
  2.20000000e-01    8.00000000e-01    2.21335763e-11    0.00000000e+00    0.00000000e+00    1.00000000e+00    0.00000000e+00    0.00000000e+00  2.77500000e-01  
  2.25000000e-01    8.00000000e-01    3.85387517e-11    0.00000000e+00    0.00000000e+00    1.00000000e+00    0.00000000e+00    0.00000000e+00  2.72500000e-01  
  2.30000000e-01    8.00000000e-01    6.68355774e-11    0.00000000e+00    0.00000000e+00    1.00000000e+00    0.00000000e+00    0.00000000e+00  2.67500000e-01  
  2.35000000e-01    8.00000000e-01    1.19978669e-10    0.00000000e+00    0.00000000e+00    1.00000000e+00    0.00000000e+00    0.00000000e+00  2.62500000e-01  
  2.40000000e-01    8.00000000e-01    1.97901059e-10    0.00000000e+00    0.00000000e+00    1.00000000e+00    0.00000000e+00    0.00000000e+00  2.57500000e-01  
  2.45000000e-01    8.00000000e-01    3.25315077e-10    0.00000000e+00    0.00000000e+00    1.00000000e+00    0.00000000e+00    0.00000000e+00  2.52500000e-01  
  2.50000000e-01    8.00000000e-01    5.47017739e-10    0.00000000e+00    0.00000000e+00    9.99999999e-01    0.00000000e+00    0.00000000e+00  2.47500000e-01  
  2.55000000e-01    7.99999999e-01    8.55681919e-10    0.00000000e+00    0.00000000e+00    9.99999999e-01    0.00000000e+00    0.00000000e+00  2.42500000e-01  
  2.60000000e-01    7.99999999e-01    1.33094201e-09    0.00000000e+00    0.00000000e+00    9.99999998e-01    0.00000000e+00    0.00000000e+00  2.37500000e-01  
  2.65000000e-01    7.99999999e-01    2.06223464e-09    0.00000000e+00    0.00000000e+00    9.99999998e-01    0.00000000e+00    0.00000000e+00  2.32500000e-01  
  2.70000000e-01    7.99999998e-01    3.06401825e-09    0.00000000e+00    0.00000000e+00    9.99999996e-01    0.00000000e+00    0.00000000e+00  2.27500000e-01  
  2.75000000e-01    7.99999997e-01    4.62124226e-09    0.00000000e+00    0.00000000e+00    9.99999995e-01    0.00000000e+00    0.00000000e+00  2.22500000e-01  
  2.80000000e-01    7.99999992e-01    1.17746479e-08    0.00000000e+00    0.00000000e+00    9.99999986e-01    0.00000000e+00    0.00000000e+00  2.17500000e-01  
  2.85000000e-01    7.99999980e-01    2.97570890e-08    0.00000000e+00    0.00000000e+00    9.99999965e-01    0.00000000e+00    0.00000000e+00  2.12500000e-01  
  2.90000000e-01    7.99999950e-01    7.46304550e-08    0.00000000e+00    0.00000000e+00    9.99999912e-01    0.00000000e+00    0.00000000e+00  2.07500000e-01  
  2.95000000e-01    8.99999813e-01    2.30430780e-07    0.00000000e+00    0.00000000e+00    9.99999727e-01    0.00000000e+00    0.00000000e+00  2.02500001e-01  
  3.00000000e-01    9.99999519e-01    5.69000035e-07    0.00000000e+00    0.00000000e+00    9.99999327e-01    0.00000000e+00    0.00000000e+00  1.97500002e-01  
  3.05000000e-01    9.99998863e-01    1.34494912e-06    0.00000000e+00    0.00000000e+00    9.99998409e-01    0.00000000e+00    0.00000000e+00  1.92500005e-01  
  3.10000000e-01    9.99996815e-01    3.76813117e-06    0.00000000e+00    0.00000000e+00    9.99995541e-01    0.00000000e+00    0.00000000e+00  1.87500014e-01  
  3.15000000e-01    9.99992649e-01    8.69808300e-06    0.00000000e+00    0.00000000e+00    9.99989708e-01    0.00000000e+00    0.00000000e+00  1.82500035e-01  
  3.20000000e-01    9.99983519e-01    1.95011112e-05    0.00000000e+00    0.00000000e+00    9.99976926e-01    0.00000000e+00    0.00000000e+00  1.77500080e-01  
  3.25000000e-01    9.99957703e-01    5.00468873e-05    0.00000000e+00    0.00000000e+00    9.99940786e-01    0.00000000e+00    0.00000000e+00  1.72500215e-01  
  3.30000000e-01    9.99908781e-01    1.07935837e-04    0.00000000e+00    0.00000000e+00    9.99872299e-01    0.00000000e+00    0.00000000e+00  1.67500482e-01  
  3.35000000e-01    9.99807224e-01    2.28111558e-04    0.00000000e+00    0.00000000e+00    9.99730131e-01    0.00000000e+00    0.00000000e+00  1.62501055e-01  
  3.40000000e-01    9.99550827e-01    5.31576309e-04    0.00000000e+00    0.00000000e+00    9.99371260e-01    0.00000000e+00    0.00000000e+00  1.57502600e-01  
  3.45000000e-01    9.99102489e-01    1.06240489e-03    0.00000000e+00    0.00000000e+00    9.98743885e-01    0.00000000e+00    0.00000000e+00  1.52505430e-01  
  3.50000000e-01    9.98233169e-01    2.09203591e-03    0.00000000e+00    0.00000000e+00    9.97527700e-01    0.00000000e+00    0.00000000e+00  1.47511148e-01  
  3.55000000e-01    9.96318831e-01    4.36319043e-03    0.00000000e+00    0.00000000e+00    9.94852244e-01    0.00000000e+00    0.00000000e+00  1.42524803e-01  
  3.60000000e-01    9.93280665e-01    7.97595448e-03    0.00000000e+00    0.00000000e+00    9.90611621e-01    0.00000000e+00    0.00000000e+00  1.37547757e-01  
  3.65000000e-01    9.87916036e-01    1.43720237e-02    0.00000000e+00    0.00000000e+00    9.83134764e-01    0.00000000e+00    0.00000000e+00  1.32590672e-01  
  3.70000000e-01    9.78181416e-01    2.60829570e-02    0.00000000e+00    0.00000000e+00    9.69630476e-01    0.00000000e+00    0.00000000e+00  1.27678478e-01  
  3.75000000e-01    9.65103092e-01    4.19461879e-02    0.00000000e+00    0.00000000e+00    9.51561282e-01    0.00000000e+00    0.00000000e+00  1.22809450e-01  
  3.80000000e-01    9.46363646e-01    6.49514474e-02    0.00000000e+00    0.00000000e+00    9.25824803e-01    0.00000000e+00    0.00000000e+00  1.18025027e-01  
  3.85000000e-01    9.23590459e-01    9.35207868e-02    0.00000000e+00    0.00000000e+00    8.94875721e-01    0.00000000e+00    0.00000000e+00  1.13363738e-01  
  3.90000000e-01    8.98947225e-01    1.24887122e-01    0.00000000e+00    0.00000000e+00    8.61621236e-01    0.00000000e+00    0.00000000e+00  1.08791213e-01  
  3.95000000e-01    8.72727592e-01    1.59080363e-01    0.00000000e+00    0.00000000e+00    8.26663142e-01    0.00000000e+00    0.00000000e+00  1.04361847e-01  
  4.00000000e-01    8.46180222e-01    1.94673744e-01    0.00000000e+00    0.00000000e+00    7.91748791e-01    0.00000000e+00    0.00000000e+00  1.00081673e-01  
  4.05000000e-01    8.19577385e-01    2.31013373e-01    0.00000000e+00    0.00000000e+00    7.57084266e-01    0.00000000e+00    0.00000000e+00  9.59010631e-02  
  4.10000000e-01    7.93135883e-01    2.68191603e-01    0.00000000e+00    0.00000000e+00    7.23125479e-01    0.00000000e+00    0.00000000e+00  9.18699515e-02  
  4.15000000e-01    7.67084544e-01    3.05936607e-01    0.00000000e+00    0.00000000e+00    6.90160705e-01    0.00000000e+00    0.00000000e+00  8.79861852e-02  
  4.20000000e-01    7.41334547e-01    3.44007159e-01    0.00000000e+00    0.00000000e+00    6.57904105e-01    0.00000000e+00    0.00000000e+00  8.41995056e-02  
  4.25000000e-01    7.16098409e-01    3.82487579e-01    0.00000000e+00    0.00000000e+00    6.26778009e-01    0.00000000e+00    0.00000000e+00  8.05567410e-02  
  4.30000000e-01    6.91443695e-01    4.21282565e-01    0.00000000e+00    0.00000000e+00    5.96839099e-01    0.00000000e+00    0.00000000e+00  7.70537580e-02  
  4.35000000e-01    6.67188569e-01    4.60267404e-01    0.00000000e+00    0.00000000e+00    5.67695563e-01    0.00000000e+00    0.00000000e+00  7.36424618e-02  
  4.40000000e-01    6.43550778e-01    4.99507239e-01    0.00000000e+00    0.00000000e+00    5.39750961e-01    0.00000000e+00    0.00000000e+00  7.03664450e-02  
  4.45000000e-01    6.20546035e-01    5.38961246e-01    0.00000000e+00    0.00000000e+00    5.12993315e-01    0.00000000e+00    0.00000000e+00  6.72209616e-02  
  4.50000000e-01    5.97969085e-01    5.78544499e-01    0.00000000e+00    0.00000000e+00    4.87020535e-01    0.00000000e+00    0.00000000e+00  6.41609162e-02  
  4.55000000e-01    5.76042469e-01    6.18301316e-01    0.00000000e+00    0.00000000e+00    4.62215401e-01    0.00000000e+00    0.00000000e+00  6.12266515e-02  
  4.60000000e-01    5.54793766e-01    6.58154218e-01    0.00000000e+00    0.00000000e+00    4.38570980e-01    0.00000000e+00    0.00000000e+00  5.84131706e-02  
  4.65000000e-01    5.34020127e-01    6.98002967e-01    0.00000000e+00    0.00000000e+00    4.15717635e-01    0.00000000e+00    0.00000000e+00  5.56783716e-02  
  4.70000000e-01    5.13993767e-01    7.37743168e-01    0.00000000e+00    0.00000000e+00    3.94076805e-01    0.00000000e+00    0.00000000e+00  5.30588342e-02  
  4.75000000e-01    4.94846320e-01    7.76772418e-01    0.00000000e+00    0.00000000e+00    3.73862863e-01    0.00000000e+00    0.00000000e+00  5.05480248e-02  
  4.80000000e-01    4.76787427e-01    8.14786029e-01    0.00000000e+00    0.00000000e+00    3.54793372e-01    0.00000000e+00    0.00000000e+00  4.81066263e-02  
  4.85000000e-01    4.61115282e-01    8.50463672e-01    0.00000000e+00    0.00000000e+00    3.37730343e-01    0.00000000e+00    0.00000000e+00  4.57647323e-02  
  4.90000000e-01    4.46578440e-01    8.80644475e-01    0.00000000e+00    0.00000000e+00    3.23895187e-01    0.00000000e+00    0.00000000e+00  4.35053406e-02  
  4.95000000e-01    4.34107980e-01    9.05904222e-01    0.00000000e+00    0.00000000e+00    3.12583554e-01    0.00000000e+00    0.00000000e+00  4.12915093e-02  
  5.00000000e-01    4.26701361e-01    9.21897642e-01    0.00000000e+00    0.00000000e+00    3.05614618e-01    0.00000000e+00    0.00000000e+00  3.91318570e-02  
  5.05000000e-01    4.25075272e-01    9.29304344e-01    0.00000000e+00    0.00000000e+00    3.02437536e-01    0.00000000e+00    0.00000000e+00  3.69928602e-02  
  5.10000000e-01    4.25444406e-01    9.32638244e-01    0.00000000e+00    0.00000000e+00    3.01035330e-01    0.00000000e+00    0.00000000e+00  3.48611319e-02  
  5.15000000e-01    4.26018677e-01    9.32340458e-01    0.00000000e+00    0.00000000e+00    3.01165902e-01    0.00000000e+00    0.00000000e+00  3.27305539e-02  
  5.20000000e-01    4.25919550e-01    9.31614263e-01    0.00000000e+00    0.00000000e+00    3.01479121e-01    0.00000000e+00    0.00000000e+00  3.06060939e-02  
  5.25000000e-01    4.25324753e-01    9.30828397e-01    0.00000000e+00    0.00000000e+00    3.01820654e-01    0.00000000e+00    0.00000000e+00  2.84877672e-02  
  5.30000000e-01    4.23916341e-01    9.30291928e-01    0.00000000e+00    0.00000000e+00    3.02064477e-01    0.00000000e+00    0.00000000e+00  2.63817219e-02  
  5.35000000e-01    4.22575073e-01    9.29969288e-01    0.00000000e+00    0.00000000e+00    3.02232847e-01    0.00000000e+00    0.00000000e+00  2.42567721e-02  
  5.40000000e-01    4.21567269e-01    9.29731119e-01    0.00000000e+00    0.00000000e+00    3.02365582e-01    0.00000000e+00    0.00000000e+00  2.21050749e-02  
  5.45000000e-01    4.21492718e-01    9.29532535e-01    0.00000000e+00    0.00000000e+00    3.02466865e-01    0.00000000e+00    0.00000000e+00  1.98920399e-02  
  5.50000000e-01    4.21808108e-01    9.29328005e-01    0.00000000e+00    0.00000000e+00    3.02540093e-01    0.00000000e+00    0.00000000e+00  1.76692741e-02  
  5.55000000e-01    4.22463659e-01    9.29112783e-01    0.00000000e+00    0.00000000e+00    3.02599357e-01    0.00000000e+00    0.00000000e+00  1.54966007e-02  
  5.60000000e-01    4.23749751e-01    9.28871436e-01    0.00000000e+00    0.00000000e+00    3.02644784e-01    0.00000000e+00    0.00000000e+00  1.34839352e-02  
  5.65000000e-01    4.25542504e-01    9.28630658e-01    0.00000000e+00    0.00000000e+00    3.02668674e-01    0.00000000e+00    0.00000000e+00  1.17127672e-02  
  5.70000000e-01    4.27270455e-01    9.28442130e-01    0.00000000e+00    0.00000000e+00    3.02688839e-01    0.00000000e+00    0.00000000e+00  1.00033606e-02  
  5.75000000e-01    4.28297334e-01    9.28409783e-01    0.00000000e+00    0.00000000e+00    3.02719369e-01    0.00000000e+00    0.00000000e+00  8.23774146e-03  
  5.80000000e-01    4.28666043e-01    9.28514481e-01    0.00000000e+00    0.00000000e+00    3.02748560e-01    0.00000000e+00    0.00000000e+00  5.71354603e-03  
  5.85000000e-01    4.02563122e-01    9.28637404e-01    0.00000000e+00    0.00000000e+00    3.02792921e-01    0.00000000e+00    1.66666667e-01  2.43722360e-03  
  5.90000000e-01    2.97703484e-01    9.28677956e-01    0.00000000e+00    0.00000000e+00    3.02884131e-01    0.00000000e+00    8.33333333e-01 -2.33690356e-03  
  5.95000000e-01    2.67923079e-01    9.28815788e-01    0.00000000e+00    0.00000000e+00    3.02977284e-01    0.00000000e+00    1.00000000e+00 -8.92197402e-03  
  6.00000000e-01    2.63821430e-01    9.28979666e-01    0.00000000e+00    0.00000000e+00    3.03068453e-01    0.00000000e+00    1.00000000e+00 -1.66220310e-02  
  6.05000000e-01    2.61676818e-01    9.29124398e-01    0.00000000e+00    0.00000000e+00    3.03151729e-01    0.00000000e+00    1.00000000e+00 -2.58561042e-02  
  6.10000000e-01    2.60941685e-01    9.29129370e-01    0.00000000e+00    0.00000000e+00    3.03189048e-01    0.00000000e+00    1.00000000e+00 -3.60012084e-02  
  6.15000000e-01    2.60793373e-01    9.29063618e-01    0.00000000e+00    0.00000000e+00    3.03203852e-01    0.00000000e+00    1.00000000e+00 -4.65531402e-02  
  6.20000000e-01    2.60996044e-01    9.28925455e-01    0.00000000e+00    0.00000000e+00    3.03197072e-01    0.00000000e+00    1.00000000e+00 -5.74145234e-02  
  6.25000000e-01    2.61447239e-01    9.28421028e-01    0.00000000e+00    0.00000000e+00    3.03053702e-01    0.00000000e+00    1.00000000e+00 -6.82471287e-02  
  6.30000000e-01    2.62011028e-01    9.27800485e-01    0.00000000e+00    0.00000000e+00    3.02867287e-01    0.00000000e+00    1.00000000e+00 -7.90275126e-02  
  6.35000000e-01    2.62664079e-01    9.27197857e-01    0.00000000e+00    0.00000000e+00    3.02688330e-01    0.00000000e+00    1.00000000e+00 -8.96800099e-02  
  6.40000000e-01    2.62774731e-01    9.24497186e-01    0.00000000e+00    0.00000000e+00    3.01848085e-01    0.00000000e+00    1.00000000e+00 -1.00240987e-01  
  6.45000000e-01    2.62656463e-01    9.21312117e-01    0.00000000e+00    0.00000000e+00    3.00805848e-01    0.00000000e+00    1.00000000e+00 -1.10749466e-01  
  6.50000000e-01    2.62393836e-01    9.18771892e-01    0.00000000e+00    0.00000000e+00    2.99818919e-01    0.00000000e+00    1.00000000e+00 -1.21191968e-01  
  6.55000000e-01    2.60389668e-01    9.06273866e-01    0.00000000e+00    0.00000000e+00    2.96057442e-01    0.00000000e+00    1.00000000e+00 -1.31542033e-01  
  6.60000000e-01    2.57841310e-01    8.91681915e-01    0.00000000e+00    0.00000000e+00    2.91483856e-01    0.00000000e+00    1.00000000e+00 -1.41805595e-01  
  6.65000000e-01    2.55401925e-01    8.80765990e-01    0.00000000e+00    0.00000000e+00    2.87248486e-01    0.00000000e+00    1.00000000e+00 -1.51902084e-01  
  6.70000000e-01    2.44624387e-01    8.25143380e-01    0.00000000e+00    0.00000000e+00    2.70358650e-01    0.00000000e+00    1.00000000e+00 -1.61558042e-01  
  6.75000000e-01    2.29785059e-01    7.44749658e-01    0.00000000e+00    0.00000000e+00    2.47347869e-01    0.00000000e+00    1.00000000e+00 -1.70805515e-01  
  6.80000000e-01    2.11098517e-01    6.34749289e-01    0.00000000e+00    0.00000000e+00    2.18628717e-01    0.00000000e+00    1.00000000e+00 -1.79268061e-01  
  6.85000000e-01    1.75190216e-01    3.84785714e-01    0.00000000e+00    0.00000000e+00    1.67326643e-01    0.00000000e+00    1.00000000e+00 -1.86169410e-01  
  6.90000000e-01    1.41155522e-01    1.38348346e-01    0.00000000e+00    0.00000000e+00    1.19747587e-01    0.00000000e+00    1.00000000e+00 -1.92249415e-01  
  6.95000000e-01    1.29963404e-01    4.24528076e-02    0.00000000e+00    0.00000000e+00    1.05920504e-01    0.00000000e+00    1.00000000e+00 -1.97426585e-01  
  7.00000000e-01    1.26195781e-01    1.01980221e-02    0.00000000e+00    0.00000000e+00    1.01358761e-01    0.00000000e+00    1.00000000e+00 -2.02483983e-01  
  7.05000000e-01    1.25192211e-01    1.62910983e-03    0.00000000e+00    0.00000000e+00    1.00215660e-01    0.00000000e+00    1.00000000e+00 -2.07497526e-01  
  7.10000000e-01    1.25056304e-01    4.77064099e-04    0.00000000e+00    0.00000000e+00    1.00063141e-01    0.00000000e+00    1.00000000e+00 -2.12499279e-01  
  7.15000000e-01    1.25012246e-01    1.03689645e-04    0.00000000e+00    0.00000000e+00    1.00013718e-01    0.00000000e+00    1.00000000e+00 -2.17499845e-01  
  7.20000000e-01    1.25001839e-01    1.55673637e-05    0.00000000e+00    0.00000000e+00    1.00002059e-01    0.00000000e+00    1.00000000e+00 -2.22499977e-01  
  7.25000000e-01    1.25000535e-01    4.53031928e-06    0.00000000e+00    0.00000000e+00    1.00000599e-01    0.00000000e+00    1.00000000e+00 -2.27499993e-01  
  7.30000000e-01    1.25000115e-01    9.71216764e-07    0.00000000e+00    0.00000000e+00    1.00000129e-01    0.00000000e+00    1.00000000e+00 -2.32499999e-01  
  7.35000000e-01    1.25000017e-01    1.45678000e-07    0.00000000e+00    0.00000000e+00    1.00000019e-01    0.00000000e+00    1.00000000e+00 -2.37500000e-01  
  7.40000000e-01    1.25000005e-01    4.28885727e-08    0.00000000e+00    0.00000000e+00    1.00000006e-01    0.00000000e+00    1.00000000e+00 -2.42500000e-01  
  7.45000000e-01    1.25000001e-01    1.04323213e-08    0.00000000e+00    0.00000000e+00    1.00000001e-01    0.00000000e+00    1.00000000e+00 -2.47500000e-01  
  7.50000000e-01    1.25000000e-01    3.25723644e-09    0.00000000e+00    0.00000000e+00    1.00000000e-01    0.00000000e+00    1.00000000e+00 -2.52500000e-01  
  7.55000000e-01    1.25000000e-01    1.59247532e-09    0.00000000e+00    0.00000000e+00    1.00000000e-01    0.00000000e+00    1.00000000e+00 -2.57500000e-01  
  7.60000000e-01    1.25000000e-01    7.87363559e-10    0.00000000e+00    0.00000000e+00    1.00000000e-01    0.00000000e+00    1.00000000e+00 -2.62500000e-01  
  7.65000000e-01    1.25000000e-01    3.53042878e-10    0.00000000e+00    0.00000000e+00    1.00000000e-01    0.00000000e+00    1.00000000e+00 -2.67500000e-01  
  7.70000000e-01    1.25000000e-01    1.71446074e-10    0.00000000e+00    0.00000000e+00    1.00000000e-01    0.00000000e+00    1.00000000e+00 -2.72500000e-01  
  7.75000000e-01    1.25000000e-01    8.26475818e-11    0.00000000e+00    0.00000000e+00    1.00000000e-01    0.00000000e+00    1.00000000e+00 -2.77500000e-01  
  7.80000000e-01    1.25000000e-01    3.46867521e-11    0.00000000e+00    0.00000000e+00    1.00000000e-01    0.00000000e+00    1.00000000e+00 -2.82500000e-01  
  7.85000000e-01    1.25000000e-01    1.64405970e-11    0.00000000e+00    0.00000000e+00    1.00000000e-01    0.00000000e+00    1.00000000e+00 -2.87500000e-01  
  7.90000000e-01    1.25000000e-01    7.68457298e-12    0.00000000e+00    0.00000000e+00    1.00000000e-01    0.00000000e+00    1.00000000e+00 -2.92500000e-01  
  7.95000000e-01    1.25000000e-01    3.07426117e-12    0.00000000e+00    0.00000000e+00    1.00000000e-01    0.00000000e+00    1.00000000e+00 -2.97500000e-01  
  8.00000000e-01    1.25000000e-01    1.41095500e-12    0.00000000e+00    0.00000000e+00    1.00000000e-01    0.00000000e+00    1.00000000e+00 -3.02500000e-01  
  8.05000000e-01    1.25000000e-01    6.35036895e-13    0.00000000e+00    0.00000000e+00    1.00000000e-01    0.00000000e+00    1.00000000e+00 -3.07500000e-01  
  8.10000000e-01    1.25000000e-01    2.41347098e-13    0.00000000e+00    0.00000000e+00    1.00000000e-01    0.00000000e+00    1.00000000e+00 -3.12500000e-01  
  8.15000000e-01    1.25000000e-01    1.06954137e-13    0.00000000e+00    0.00000000e+00    1.00000000e-01    0.00000000e+00    1.00000000e+00 -3.17500000e-01  
  8.20000000e-01    1.25000000e-01    4.60966203e-14    0.00000000e+00    0.00000000e+00    1.00000000e-01    0.00000000e+00    1.00000000e+00 -3.22500000e-01  
  8.25000000e-01    1.25000000e-01    1.64630104e-14    0.00000000e+00    0.00000000e+00    1.00000000e-01    0.00000000e+00    1.00000000e+00 -3.27500000e-01  
  8.30000000e-01    1.25000000e-01    6.96567383e-15    0.00000000e+00    0.00000000e+00    1.00000000e-01    0.00000000e+00    1.00000000e+00 -3.32500000e-01  
  8.35000000e-01    1.25000000e-01    2.84817551e-15    0.00000000e+00    0.00000000e+00    1.00000000e-01    0.00000000e+00    1.00000000e+00 -3.37500000e-01  
  8.40000000e-01    1.25000000e-01    9.76792877e-16    0.00000000e+00    0.00000000e+00    1.00000000e-01    0.00000000e+00    1.00000000e+00 -3.42500000e-01  
  8.45000000e-01    1.25000000e-01    4.63919046e-16    0.00000000e+00    0.00000000e+00    1.00000000e-01    0.00000000e+00    1.00000000e+00 -3.47500000e-01  
  8.50000000e-01    1.25000000e-01    1.83583856e-16    0.00000000e+00    0.00000000e+00    1.00000000e-01    0.00000000e+00    1.00000000e+00 -3.52500000e-01  
  8.55000000e-01    1.25000000e-01    2.62226034e-17    0.00000000e+00    0.00000000e+00    1.00000000e-01    0.00000000e+00    1.00000000e+00 -3.57500000e-01  
  8.60000000e-01    1.25000000e-01    5.24452068e-18    0.00000000e+00    0.00000000e+00    1.00000000e-01    0.00000000e+00    1.00000000e+00 -3.62500000e-01  
  8.65000000e-01    1.25000000e-01    0.00000000e+00    0.00000000e+00    0.00000000e+00    1.00000000e-01    0.00000000e+00    1.00000000e+00 -3.67500000e-01  
  8.70000000e-01    1.25000000e-01    0.00000000e+00    0.00000000e+00    0.00000000e+00    1.00000000e-01    0.00000000e+00    1.00000000e+00 -3.72500000e-01  
  8.75000000e-01    1.25000000e-01    0.00000000e+00    0.00000000e+00    0.00000000e+00    1.00000000e-01    0.00000000e+00    1.00000000e+00 -3.77500000e-01  
  8.80000000e-01    1.25000000e-01    0.00000000e+00    0.00000000e+00    0.00000000e+00    1.00000000e-01    0.00000000e+00    1.00000000e+00 -3.82500000e-01  
  8.85000000e-01    1.25000000e-01    0.00000000e+00    0.00000000e+00    0.00000000e+00    1.00000000e-01    0.00000000e+00    1.00000000e+00 -3.87500000e-01  
  8.90000000e-01    1.25000000e-01    0.00000000e+00    0.00000000e+00    0.00000000e+00    1.00000000e-01    0.00000000e+00    1.00000000e+00 -3.92500000e-01  
  8.95000000e-01    1.25000000e-01    0.00000000e+00    0.00000000e+00    0.00000000e+00    1.00000000e-01    0.00000000e+00    1.00000000e+00 -3.97500000e-01  
  9.00000000e-01    1.25000000e-01    0.00000000e+00    0.00000000e+00    0.00000000e+00    1.00000000e-01    0.00000000e+00    1.00000000e+00 -4.02500000e-01  
  9.05000000e-01    1.25000000e-01    0.00000000e+00    0.00000000e+00    0.00000000e+00    1.00000000e-01    0.00000000e+00    1.00000000e+00 -4.07500000e-01  
  9.10000000e-01    1.25000000e-01    0.00000000e+00    0.00000000e+00    0.00000000e+00    1.00000000e-01    0.00000000e+00    1.00000000e+00 -4.12500000e-01  
  9.15000000e-01    1.25000000e-01    0.00000000e+00    0.00000000e+00    0.00000000e+00    1.00000000e-01    0.00000000e+00    1.00000000e+00 -4.17500000e-01  
  9.20000000e-01    1.25000000e-01    0.00000000e+00    0.00000000e+00    0.00000000e+00    1.00000000e-01    0.00000000e+00    1.00000000e+00 -4.22500000e-01  
  9.25000000e-01    1.25000000e-01    0.00000000e+00    0.00000000e+00    0.00000000e+00    1.00000000e-01    0.00000000e+00    1.00000000e+00 -4.27500000e-01  
  9.30000000e-01    1.25000000e-01    0.00000000e+00    0.00000000e+00    0.00000000e+00    1.00000000e-01    0.00000000e+00    1.00000000e+00 -4.32500000e-01  
  9.35000000e-01    1.25000000e-01    0.00000000e+00    0.00000000e+00    0.00000000e+00    1.00000000e-01    0.00000000e+00    1.00000000e+00 -4.37500000e-01  
  9.40000000e-01    1.25000000e-01    0.00000000e+00    0.00000000e+00    0.00000000e+00    1.00000000e-01    0.00000000e+00    1.00000000e+00 -4.42500000e-01  
  9.45000000e-01    1.25000000e-01    0.00000000e+00    0.00000000e+00    0.00000000e+00    1.00000000e-01    0.00000000e+00    1.00000000e+00 -4.47500000e-01  
  9.50000000e-01    1.25000000e-01    0.00000000e+00    0.00000000e+00    0.00000000e+00    1.00000000e-01    0.00000000e+00    1.00000000e+00 -4.52500000e-01  
  9.55000000e-01    1.25000000e-01    0.00000000e+00    0.00000000e+00    0.00000000e+00    1.00000000e-01    0.00000000e+00    1.00000000e+00 -4.57500000e-01  
  9.60000000e-01    1.25000000e-01    0.00000000e+00    0.00000000e+00    0.00000000e+00    1.00000000e-01    0.00000000e+00    1.00000000e+00 -4.62500000e-01  
  9.65000000e-01    1.25000000e-01    0.00000000e+00    0.00000000e+00    0.00000000e+00    1.00000000e-01    0.00000000e+00    1.00000000e+00 -4.67500000e-01  
  9.70000000e-01    1.25000000e-01    0.00000000e+00    0.00000000e+00    0.00000000e+00    1.00000000e-01    0.00000000e+00    1.00000000e+00 -4.72500000e-01  
  9.75000000e-01    1.25000000e-01    0.00000000e+00    0.00000000e+00    0.00000000e+00    1.00000000e-01    0.00000000e+00    1.00000000e+00 -4.77500000e-01  
  9.80000000e-01    1.25000000e-01    0.00000000e+00    0.00000000e+00    0.00000000e+00    1.00000000e-01    0.00000000e+00    1.00000000e+00 -4.82500000e-01  
  9.85000000e-01    1.25000000e-01    0.00000000e+00    0.00000000e+00    0.00000000e+00    1.00000000e-01    0.00000000e+00    1.00000000e+00 -4.87500000e-01  
  9.90000000e-01    1.25000000e-01    0.00000000e+00    0.00000000e+00    0.00000000e+00    1.00000000e-01    0.00000000e+00    1.00000000e+00 -4.92500000e-01  
  9.95000000e-01    1.25000000e-01    0.00000000e+00    0.00000000e+00    0.00000000e+00    1.00000000e-01    0.00000000e+00    1.00000000e+00 -4.97500000e-01  
